clc
clear all
data = readtable('C:\Users\033-20-0038\Downloads\abcd.txt','HeaderLines',2);
freq = data.Var1;
dB = data.Var2;

figure;
plot(freq,dB);
xlabel("Freq");
ylabel("dB");



freq	dB(S(1,2))
2.00000000000000000E9	-4.06928000000000001E1
2.00199999999999978E9	-4.06928000000000001E1
2.00400000000000000E9	-4.06928000000000001E1
2.00599999999999978E9	-4.06928000000000001E1
2.00800000000000001E9	-4.06928000000000001E1
2.01000000000000023E9	-4.06928000000000001E1
2.01199999999999957E9	-4.06928000000000001E1
2.01400000000000023E9	-4.06928000000000001E1
2.01600000000000001E9	-4.06928000000000001E1
2.01799999999999979E9	-4.06928000000000001E1
2.02000000000000002E9	-4.06928000000000001E1
2.02199999999999980E9	-4.06928000000000001E1
2.02400000000000002E9	-4.06928000000000001E1
2.02599999999999980E9	-4.06928000000000001E1
2.02800000000000002E9	-4.06928000000000001E1
2.03000000000000025E9	-4.06928000000000001E1
2.03200000000000003E9	-4.06928000000000001E1
2.03399999999999981E9	-4.06928000000000001E1
2.03600000000000003E9	-4.06928000000000001E1
2.03800000000000026E9	-4.06928000000000001E1
2.04000000000000004E9	-4.06928000000000001E1
2.04199999999999982E9	-4.06928000000000001E1
2.04400000000000004E9	-4.06928000000000001E1
2.04600000000000026E9	-4.06928000000000001E1
2.04800000000000004E9	-4.06928000000000001E1
2.04999999999999982E9	-4.06928000000000001E1
2.05200000000000005E9	-4.06928000000000001E1
2.05399999999999983E9	-4.06928000000000001E1
2.05600000000000005E9	-4.06928000000000001E1
2.05800000000000027E9	-4.06928000000000001E1
2.06000000000000005E9	-4.06928000000000001E1
2.06199999999999983E9	-4.06928000000000001E1
2.06400000000000006E9	-4.06928000000000001E1
2.06599999999999984E9	-4.06928000000000001E1
2.06800000000000006E9	-4.06928000000000001E1
2.06999999999999984E9	-4.06928000000000001E1
2.07200000000000006E9	-4.06928000000000001E1
2.07400000000000029E9	-4.06928000000000001E1
2.07599999999999962E9	-4.06928000000000001E1
2.07800000000000029E9	-4.06928000000000001E1
2.08000000000000007E9	-4.06928000000000001E1
2.08199999999999985E9	-4.06928000000000001E1
2.08400000000000007E9	-4.06928000000000001E1
2.08599999999999985E9	-4.06928000000000001E1
2.08800000000000008E9	-4.06928000000000001E1
2.08999999999999986E9	-4.06928000000000001E1
2.09199999999999964E9	-4.06928000000000001E1
2.09400000000000031E9	-4.06928000000000001E1
2.09600000000000009E9	-4.06928000000000001E1
2.09799999999999986E9	-4.06928000000000001E1
2.10000000000000009E9	-4.06928000000000001E1
2.10199999999999987E9	-4.06928000000000001E1
2.10400000000000009E9	-4.06928000000000001E1
2.10599999999999987E9	-4.06928000000000001E1
2.10800000000000010E9	-4.06928000000000001E1
2.11000000000000032E9	-4.06928000000000001E1
2.11199999999999966E9	-4.06928000000000001E1
2.11399999999999988E9	-4.06928000000000001E1
2.11600000000000010E9	-4.06928000000000001E1
2.11799999999999988E9	-4.06928000000000001E1
2.12000000000000011E9	-4.06928000000000001E1
2.12199999999999989E9	-4.06928000000000001E1
2.12400000000000011E9	-4.06928000000000001E1
2.12599999999999989E9	-4.06928000000000001E1
2.12800000000000011E9	-4.06928000000000001E1
2.12999999999999989E9	-4.06928000000000001E1
2.13200000000000012E9	-4.06928000000000001E1
2.13399999999999990E9	-4.06928000000000001E1
2.13600000000000012E9	-4.06928000000000001E1
2.13800000000000034E9	-4.06928000000000001E1
2.13999999999999968E9	-4.06928000000000001E1
2.14199999999999990E9	-4.06928000000000001E1
2.14400000000000013E9	-4.06928000000000001E1
2.14599999999999991E9	-4.06928000000000001E1
2.14800000000000013E9	-4.06928000000000001E1
2.14999999999999991E9	-4.06928000000000001E1
2.15200000000000014E9	-4.06928000000000001E1
2.15399999999999991E9	-4.06928000000000001E1
2.15599999999999969E9	-4.06928000000000001E1
2.15800000000000036E9	-4.06928000000000001E1
2.16000000000000014E9	-4.06928000000000001E1
2.16199999999999992E9	-4.06928000000000001E1
2.16400000000000015E9	-4.06928000000000001E1
2.16599999999999993E9	-4.06928000000000001E1
2.16800000000000015E9	-4.06928000000000001E1
2.16999999999999993E9	-4.06928000000000001E1
2.17199999999999971E9	-4.06928000000000001E1
2.17400000000000038E9	-4.06928000000000001E1
2.17599999999999971E9	-4.06928000000000001E1
2.17799999999999994E9	-4.06928000000000001E1
2.18000000000000016E9	-4.06928000000000001E1
2.18199999999999994E9	-4.06928000000000001E1
2.18400000000000016E9	-4.06928000000000001E1
2.18599999999999994E9	-4.06928000000000001E1
2.18800000000000017E9	-4.06928000000000001E1
2.18999999999999995E9	-4.06928000000000001E1
2.19199999999999973E9	-4.06928000000000001E1
2.19399999999999995E9	-4.06928000000000001E1
2.19600000000000017E9	-4.06928000000000001E1
2.19799999999999995E9	-4.06928000000000001E1
2.20000000000000018E9	-4.06928000000000001E1
2.20199999999999996E9	-4.06928000000000001E1
2.20399999999999974E9	-4.06928000000000001E1
2.20599999999999996E9	-4.06928000000000001E1
2.20800000000000018E9	-4.06928000000000001E1
2.20999999999999996E9	-4.06928000000000001E1
2.21199999999999974E9	-4.06928000000000001E1
2.21399999999999997E9	-4.06928000000000001E1
2.21600000000000019E9	-4.06928000000000001E1
2.21799999999999997E9	-4.06928000000000001E1
2.21999999999999975E9	-4.06928000000000001E1
2.22199999999999998E9	-4.06928000000000001E1
2.22400000000000020E9	-4.06928000000000001E1
2.22599999999999998E9	-4.06928000000000001E1
2.22800000000000020E9	-4.06928000000000001E1
2.22999999999999998E9	-4.06928000000000001E1
2.23200000000000021E9	-4.06928000000000001E1
2.23399999999999999E9	-4.06928000000000001E1
2.23599999999999977E9	-4.06928000000000001E1
2.23800000000000043E9	-4.06928000000000001E1
2.23999999999999977E9	-4.06928000000000001E1
2.24199999999999999E9	-4.06928000000000001E1
2.24400000000000022E9	-4.06928000000000001E1
2.24600000000000000E9	-4.06928000000000001E1
2.24800000000000022E9	-4.06928000000000001E1
2.25000000000000000E9	-4.06928000000000001E1
2.25199999999999978E9	-4.06928000000000001E1
2.25400000000000000E9	-4.06928000000000001E1
2.25599999999999978E9	-4.06928000000000001E1
2.25800000000000001E9	-4.06928000000000001E1
2.26000000000000023E9	-4.06928000000000001E1
2.26199999999999957E9	-4.06928000000000001E1
2.26400000000000023E9	-4.06928000000000001E1
2.26600000000000001E9	-4.06928000000000001E1
2.26799999999999979E9	-4.06928000000000001E1
2.27000000000000002E9	-4.06928000000000001E1
2.27199999999999980E9	-4.06928000000000001E1
2.27400000000000002E9	-4.06928000000000001E1
2.27599999999999980E9	-4.06928000000000001E1
2.27800000000000002E9	-4.06928000000000001E1
2.28000000000000025E9	-4.06928000000000001E1
2.28200000000000003E9	-4.06928000000000001E1
2.28399999999999981E9	-4.06928000000000001E1
2.28600000000000003E9	-4.06928000000000001E1
2.28800000000000026E9	-4.06928000000000001E1
2.29000000000000004E9	-4.06928000000000001E1
2.29199999999999982E9	-4.06928000000000001E1
2.29400000000000004E9	-4.06928000000000001E1
2.29600000000000026E9	-4.06928000000000001E1
2.29800000000000004E9	-4.06928000000000001E1
2.29999999999999982E9	-4.06928000000000001E1
2.30200000000000005E9	-4.06928000000000001E1
2.30399999999999983E9	-4.06928000000000001E1
2.30600000000000005E9	-4.06928000000000001E1
2.30800000000000027E9	-4.06928000000000001E1
2.31000000000000005E9	-4.06928000000000001E1
2.31199999999999983E9	-4.06928000000000001E1
2.31400000000000006E9	-4.06928000000000001E1
2.31599999999999984E9	-4.06928000000000001E1
2.31800000000000006E9	-4.06928000000000001E1
2.31999999999999984E9	-4.06928000000000001E1
2.32200000000000006E9	-4.06928000000000001E1
2.32400000000000029E9	-4.06928000000000001E1
2.32599999999999962E9	-4.06928000000000001E1
2.32800000000000029E9	-4.06928000000000001E1
2.33000000000000007E9	-4.06928000000000001E1
2.33199999999999985E9	-4.06928000000000001E1
2.33400000000000007E9	-4.06928000000000001E1
2.33599999999999985E9	-4.06928000000000001E1
2.33800000000000008E9	-4.06928000000000001E1
2.33999999999999986E9	-4.06928000000000001E1
2.34199999999999964E9	-4.06928000000000001E1
2.34400000000000031E9	-4.06928000000000001E1
2.34600000000000009E9	-4.06928000000000001E1
2.34799999999999986E9	-4.06928000000000001E1
2.35000000000000009E9	-4.06928000000000001E1
2.35199999999999987E9	-4.06928000000000001E1
2.35400000000000009E9	-4.06928000000000001E1
2.35599999999999987E9	-4.06928000000000001E1
2.35800000000000010E9	-4.06928000000000001E1
2.36000000000000032E9	-4.06928000000000001E1
2.36199999999999966E9	-4.06928000000000001E1
2.36399999999999988E9	-4.06928000000000001E1
2.36600000000000010E9	-4.06928000000000001E1
2.36799999999999988E9	-4.06928000000000001E1
2.37000000000000011E9	-4.06928000000000001E1
2.37199999999999989E9	-4.06928000000000001E1
2.37400000000000011E9	-4.06928000000000001E1
2.37599999999999989E9	-4.06928000000000001E1
2.37800000000000011E9	-4.06928000000000001E1
2.37999999999999989E9	-4.06928000000000001E1
2.38200000000000012E9	-4.06928000000000001E1
2.38399999999999990E9	-4.06928000000000001E1
2.38600000000000012E9	-4.06928000000000001E1
2.38800000000000034E9	-4.06928000000000001E1
2.38999999999999968E9	-4.06928000000000001E1
2.39199999999999990E9	-4.06928000000000001E1
2.39400000000000013E9	-4.06928000000000001E1
2.39599999999999991E9	-4.06928000000000001E1
2.39800000000000013E9	-4.06928000000000001E1
2.39999999999999991E9	-4.06928000000000001E1
2.40200000000000014E9	-4.06928000000000001E1
2.40399999999999991E9	-4.06928000000000001E1
2.40599999999999969E9	-4.06928000000000001E1
2.40800000000000036E9	-4.06928000000000001E1
2.41000000000000014E9	-4.06928000000000001E1
2.41199999999999992E9	-4.06928000000000001E1
2.41400000000000015E9	-4.06928000000000001E1
2.41599999999999993E9	-4.06928000000000001E1
2.41800000000000015E9	-4.06928000000000001E1
2.41999999999999993E9	-4.06928000000000001E1
2.42199999999999971E9	-4.06928000000000001E1
2.42400000000000038E9	-4.06928000000000001E1
2.42599999999999971E9	-4.06928000000000001E1
2.42799999999999994E9	-4.06928000000000001E1
2.43000000000000016E9	-4.06928000000000001E1
2.43199999999999994E9	-4.06928000000000001E1
2.43400000000000016E9	-4.06928000000000001E1
2.43599999999999994E9	-4.06928000000000001E1
2.43800000000000017E9	-4.06928000000000001E1
2.43999999999999995E9	-4.06928000000000001E1
2.44199999999999973E9	-4.06928000000000001E1
2.44399999999999995E9	-4.06928000000000001E1
2.44600000000000017E9	-4.06928000000000001E1
2.44799999999999995E9	-4.06928000000000001E1
2.45000000000000018E9	-4.06928000000000001E1
2.45199999999999996E9	-4.06928000000000001E1
2.45399999999999974E9	-4.06928000000000001E1
2.45599999999999996E9	-4.06928000000000001E1
2.45800000000000018E9	-4.06928000000000001E1
2.45999999999999996E9	-4.06928000000000001E1
2.46199999999999974E9	-4.06928000000000001E1
2.46399999999999997E9	-4.06928000000000001E1
2.46600000000000019E9	-4.06928000000000001E1
2.46799999999999997E9	-4.06928000000000001E1
2.46999999999999975E9	-4.06928000000000001E1
2.47199999999999998E9	-4.06928000000000001E1
2.47400000000000020E9	-4.06928000000000001E1
2.47599999999999998E9	-4.06928000000000001E1
2.47800000000000020E9	-4.06928000000000001E1
2.47999999999999998E9	-4.06928000000000001E1
2.48200000000000021E9	-4.06928000000000001E1
2.48399999999999999E9	-4.06928000000000001E1
2.48599999999999977E9	-4.06928000000000001E1
2.48800000000000043E9	-4.06928000000000001E1
2.48999999999999977E9	-4.06928000000000001E1
2.49199999999999999E9	-4.06928000000000001E1
2.49400000000000022E9	-4.06928000000000001E1
2.49600000000000000E9	-4.06928000000000001E1
2.49800000000000022E9	-4.06928000000000001E1
2.50000000000000000E9	-4.06928000000000001E1
2.50199999999999978E9	-4.04492999999999991E1
2.50400000000000000E9	-4.03939999999999966E1
2.50599999999999978E9	-4.05305000000000071E1
2.50800000000000001E9	-4.03207000000000004E1
2.51000000000000023E9	-4.02802977766285686E1
2.51199999999999957E9	-4.00640775694711682E1
2.51400000000000023E9	-4.03118735489924696E1
2.51600000000000001E9	-4.02303294685989155E1
2.51799999999999979E9	-3.99326382063670238E1
2.52000000000000002E9	-3.98657946913665162E1
2.52199999999999980E9	-3.97022897816649323E1
2.52400000000000002E9	-3.96425014413966448E1
2.52599999999999980E9	-3.92447362137776334E1
2.52800000000000002E9	-3.92926381692285798E1
2.53000000000000025E9	-3.90364333789332951E1
2.53200000000000003E9	-3.87682095196079946E1
2.53399999999999981E9	-3.85154003902959108E1
2.53600000000000003E9	-3.85559841614492793E1
2.53800000000000026E9	-3.84742679603270954E1
2.54000000000000004E9	-3.83082955327664987E1
2.54199999999999982E9	-3.85740581334080535E1
2.54400000000000004E9	-3.85404663077955068E1
2.54600000000000026E9	-3.87544975392038404E1
2.54800000000000004E9	-3.87614738715246565E1
2.54999999999999982E9	-3.87204563232970855E1
2.55200000000000005E9	-3.89612576664522425E1
2.55399999999999983E9	-3.87333520255724517E1
2.55600000000000005E9	-3.87183197921585665E1
2.55800000000000027E9	-3.85797193144841444E1
2.56000000000000005E9	-3.84756335690507134E1
2.56199999999999983E9	-3.85872092276629974E1
2.56399999999999961E9	-3.83325639064534096E1
2.56600000000000028E9	-3.81279129297679953E1
2.56800000000000006E9	-3.81365593633566302E1
2.56999999999999984E9	-3.80652304483720982E1
2.57200000000000006E9	-3.78681759667808304E1
2.57399999999999984E9	-3.77064070344472224E1
2.57600000000000007E9	-3.75687869041396505E1
2.57800000000000029E9	-3.74234505396597417E1
2.58000000000000007E9	-3.72081349425303065E1
2.58199999999999985E9	-3.69500079718217744E1
2.58399999999999963E9	-3.67468525018185854E1
2.58600000000000030E9	-3.68154698683433157E1
2.58800000000000008E9	-3.66887406180701259E1
2.58999999999999986E9	-3.65146292944668804E1
2.59199999999999964E9	-3.61318305347282731E1
2.59399999999999986E9	-3.60397537267414503E1
2.59600000000000009E9	-3.59917734515486032E1
2.59799999999999986E9	-3.58981999533683549E1
2.60000000000000009E9	-3.57432561620483913E1
2.60199999999999987E9	-3.57788736084930514E1
2.60400000000000009E9	-3.59157351443309958E1
2.60600000000000032E9	-3.57412730832090642E1
2.60800000000000010E9	-3.57848606815099846E1
2.61000000000000032E9	-3.57786142553034292E1
2.61199999999999966E9	-3.56512067308332536E1
2.61399999999999988E9	-3.57343477029764367E1
2.61600000000000055E9	-3.56697385389020116E1
2.61799999999999988E9	-3.57155766112302109E1
2.62000000000000011E9	-3.58163454717410890E1
2.62199999999999989E9	-3.56459040395033444E1
2.62399999999999967E9	-3.56117855596128852E1
2.62600000000000033E9	-3.55797717244879896E1
2.62800000000000011E9	-3.54981193374701665E1
2.62999999999999989E9	-3.52625730242918412E1
2.63200000000000012E9	-3.50628998257303248E1
2.63399999999999945E9	-3.49203205568308039E1
2.63600000000000012E9	-3.48600406297216869E1
2.63800000000000034E9	-3.45557424926589096E1
2.63999999999999968E9	-3.43536279035235470E1
2.64199999999999990E9	-3.42796833567019643E1
2.64399999999999968E9	-3.42385216307331586E1
2.64599999999999991E9	-3.40369966295615800E1
2.64800000000000013E9	-3.39459656377816277E1
2.64999999999999991E9	-3.37313145262952441E1
2.65200000000000014E9	-3.37138557306444975E1
2.65399999999999991E9	-3.36611182846060908E1
2.65600000000000014E9	-3.35486330198140825E1
2.65800000000000036E9	-3.35116811961582339E1
2.66000000000000014E9	-3.34500335042509445E1
2.66199999999999992E9	-3.34212152415314989E1
2.66399999999999970E9	-3.33093630689626874E1
2.66600000000000037E9	-3.32252103460807557E1
2.66800000000000015E9	-3.32421735888542802E1
2.66999999999999993E9	-3.32553759623417289E1
2.67199999999999971E9	-3.32210410550520985E1
2.67399999999999993E9	-3.32844247027164775E1
2.67600000000000016E9	-3.32182457473796067E1
2.67799999999999994E9	-3.29995129325345715E1
2.68000000000000016E9	-3.30461609370848075E1
2.68199999999999994E9	-3.29549180118209595E1
2.68399999999999972E9	-3.27745435198742152E1
2.68600000000000039E9	-3.27185007775970993E1
2.68800000000000017E9	-3.25336123560869606E1
2.68999999999999995E9	-3.23184472095616337E1
2.69199999999999973E9	-3.22623825891885341E1
2.69399999999999995E9	-3.20956526455166236E1
2.69600000000000017E9	-3.20546932898359405E1
2.69799999999999995E9	-3.19600946919120732E1
2.70000000000000018E9	-3.17244969757482043E1
2.70199999999999996E9	-3.16976523199734217E1
2.70399999999999974E9	-3.16345804894702587E1
2.70600000000000041E9	-3.13851496942420916E1
2.70800000000000018E9	-3.12381440649147946E1
2.70999999999999996E9	-3.10403073306015465E1
2.71199999999999974E9	-3.08697879984195200E1
2.71399999999999952E9	-3.06852665967528671E1
2.71600000000000019E9	-3.05095248762128968E1
2.71799999999999997E9	-3.03570688577501757E1
2.71999999999999975E9	-3.01384368795114277E1
2.72199999999999998E9	-3.00328466704728481E1
2.72399999999999975E9	-2.98934154878405733E1
2.72599999999999998E9	-2.97641058685346938E1
2.72800000000000020E9	-2.96438918719898581E1
2.72999999999999998E9	-2.95647863410125789E1
2.73200000000000021E9	-2.93567893575405137E1
2.73399999999999954E9	-2.92527075963847905E1
2.73600000000000021E9	-2.90500410377139451E1
2.73800000000000043E9	-2.89022991051257661E1
2.73999999999999977E9	-2.86711755289104264E1
2.74199999999999999E9	-2.85033090698028557E1
2.74399999999999977E9	-2.82934865207052111E1
2.74600000000000000E9	-2.81299312938787294E1
2.74800000000000022E9	-2.79653631219649590E1
2.75000000000000000E9	-2.77857875702234924E1
2.75199999999999978E9	-2.75515214514722073E1
2.75400000000000000E9	-2.73718569419150404E1
2.75600000000000023E9	-2.71334239362083185E1
2.75800000000000001E9	-2.69875152286166875E1
2.76000000000000023E9	-2.68515767981973097E1
2.76199999999999957E9	-2.66982846885476865E1
2.76399999999999979E9	-2.65423453832030942E1
2.76600000000000046E9	-2.63746825409836694E1
2.76799999999999979E9	-2.62050510733914477E1
2.77000000000000002E9	-2.60126988074715015E1
2.77199999999999980E9	-2.58180698136333486E1
2.77400000000000002E9	-2.56154974657392964E1
2.77600000000000025E9	-2.54226598241728219E1
2.77800000000000002E9	-2.52095839438295721E1
2.78000000000000025E9	-2.50098897561569977E1
2.78200000000000003E9	-2.47740284675931655E1
2.78399999999999981E9	-2.45886237981710787E1
2.78600000000000048E9	-2.44088380616963407E1
2.78800000000000026E9	-2.42549869306539323E1
2.79000000000000004E9	-2.40367924557426216E1
2.79199999999999982E9	-2.38992544287194564E1
2.79399999999999959E9	-2.36975496410593856E1
2.79600000000000026E9	-2.35251452986210063E1
2.79800000000000004E9	-2.33562706243506213E1
2.79999999999999982E9	-2.32054338782808234E1
2.80200000000000005E9	-2.30201505900579173E1
2.80399999999999983E9	-2.28509384861444786E1
2.80600000000000005E9	-2.26901167494765144E1
2.80800000000000027E9	-2.25467102540944753E1
2.81000000000000005E9	-2.24001448807022729E1
2.81199999999999983E9	-2.21965558703599175E1
2.81399999999999961E9	-2.20667935117141667E1
2.81600000000000028E9	-2.19222318520599169E1
2.81800000000000006E9	-2.17878641189837108E1
2.81999999999999984E9	-2.16314193149391265E1
2.82200000000000006E9	-2.14719760450994457E1
2.82399999999999984E9	-2.12777229375200427E1
2.82600000000000007E9	-2.11004761327835499E1
2.82800000000000029E9	-2.09184376353751666E1
2.83000000000000007E9	-2.07528307169904291E1
2.83199999999999985E9	-2.05451303830003873E1
2.83399999999999963E9	-2.03723288244869494E1
2.83600000000000030E9	-2.02017927983800849E1
2.83800000000000008E9	-2.00493874354926405E1
2.83999999999999986E9	-1.99198797505358494E1
2.84199999999999964E9	-1.97784844023399975E1
2.84399999999999986E9	-1.96374860844229038E1
2.84600000000000009E9	-1.95354916575113569E1
2.84799999999999986E9	-1.93788703541580132E1
2.85000000000000009E9	-1.92640818121834423E1
2.85199999999999987E9	-1.91323542841171657E1
2.85400000000000009E9	-1.89680736061036415E1
2.85600000000000032E9	-1.88167431723333101E1
2.85800000000000010E9	-1.86614619945018356E1
2.86000000000000032E9	-1.84981635798171729E1
2.86199999999999966E9	-1.83413044511545320E1
2.86399999999999988E9	-1.81836418385750109E1
2.86600000000000055E9	-1.80276319496213633E1
2.86799999999999988E9	-1.78401089183344119E1
2.87000000000000011E9	-1.76995474725444835E1
2.87199999999999989E9	-1.75124349753879405E1
2.87399999999999967E9	-1.73420755277279826E1
2.87600000000000033E9	-1.71774915255628047E1
2.87800000000000011E9	-1.69977214530668808E1
2.87999999999999989E9	-1.68113073951502434E1
2.88200000000000012E9	-1.66498604782542858E1
2.88399999999999945E9	-1.64758755277279834E1
2.88600000000000012E9	-1.63152300540413431E1
2.88800000000000034E9	-1.61240512030470162E1
2.88999999999999968E9	-1.59500566890866491E1
2.89199999999999990E9	-1.57520472461770211E1
2.89399999999999968E9	-1.55624815002277472E1
2.89599999999999991E9	-1.53515239393998382E1
2.89800000000000013E9	-1.51680351711321681E1
2.89999999999999991E9	-1.49475836562212017E1
2.90200000000000014E9	-1.47534451978178116E1
2.90399999999999991E9	-1.45551877819182884E1
2.90600000000000014E9	-1.43621183775199635E1
2.90800000000000036E9	-1.41568138777854946E1
2.91000000000000014E9	-1.39672356771189055E1
2.91199999999999992E9	-1.37868613442983667E1
2.91399999999999970E9	-1.36170366120702702E1
2.91600000000000037E9	-1.34670586765316314E1
2.91800000000000015E9	-1.33257719240925643E1
2.91999999999999993E9	-1.32021288912527024E1
2.92199999999999971E9	-1.30991718755129605E1
2.92399999999999993E9	-1.29884363353718846E1
2.92600000000000016E9	-1.28934590275866356E1
2.92799999999999994E9	-1.27730040049691151E1
2.93000000000000016E9	-1.26798426804219888E1
2.93199999999999994E9	-1.25670789936891225E1
2.93399999999999972E9	-1.24329824589813498E1
2.93600000000000039E9	-1.23111875093912970E1
2.93800000000000017E9	-1.21956240845562380E1
2.93999999999999995E9	-1.20803000917772141E1
2.94199999999999973E9	-1.19643602368514279E1
2.94399999999999995E9	-1.18628494911595594E1
2.94600000000000017E9	-1.17659946336899424E1
2.94799999999999995E9	-1.16886943148926670E1
2.95000000000000018E9	-1.16257848777064887E1
2.95199999999999996E9	-1.15669317477679501E1
2.95399999999999974E9	-1.15215579243585431E1
2.95600000000000041E9	-1.14952916705449604E1
2.95800000000000018E9	-1.14658839977121585E1
2.95999999999999996E9	-1.14493077544327249E1
2.96199999999999974E9	-1.14246606546421958E1
2.96399999999999952E9	-1.13957713387979820E1
2.96600000000000019E9	-1.13711651075744613E1
2.96799999999999997E9	-1.13435340759880332E1
2.96999999999999975E9	-1.13341113308743502E1
2.97199999999999998E9	-1.13337238032991694E1
2.97399999999999975E9	-1.13142198239894487E1
2.97599999999999998E9	-1.13174134583696673E1
2.97800000000000020E9	-1.13248036114826434E1
2.97999999999999998E9	-1.13412668677098472E1
2.98200000000000021E9	-1.13722877218311091E1
2.98399999999999954E9	-1.14180479028718218E1
2.98600000000000021E9	-1.14654423099038771E1
2.98800000000000043E9	-1.15225898963230389E1
2.98999999999999977E9	-1.15615097134337486E1
2.99199999999999999E9	-1.16169490557962329E1
2.99399999999999977E9	-1.16797443009592317E1
2.99600000000000000E9	-1.17459476051678124E1
2.99800000000000022E9	-1.18087494645050617E1
3.00000000000000000E9	-1.18733839458109758E1
3.00199999999999978E9	-1.19329847056631411E1
3.00400000000000000E9	-1.19780441858300257E1
3.00600000000000023E9	-1.20366480299946899E1
3.00800000000000001E9	-1.20704945837453392E1
3.01000000000000023E9	-1.21085200383409797E1
3.01199999999999957E9	-1.21746798239913434E1
3.01399999999999979E9	-1.22067599425276518E1
3.01600000000000046E9	-1.22737860207472260E1
3.01799999999999979E9	-1.23237495260708374E1
3.02000000000000002E9	-1.24033827838642741E1
3.02199999999999980E9	-1.24653058964011887E1
3.02400000000000002E9	-1.25464814584734485E1
3.02600000000000025E9	-1.26156749124907352E1
3.02800000000000002E9	-1.26781823999970467E1
3.03000000000000025E9	-1.27511629359432455E1
3.03200000000000003E9	-1.28214549424699742E1
3.03399999999999981E9	-1.28763743934107389E1
3.03600000000000048E9	-1.29332861072804817E1
3.03800000000000026E9	-1.29843780496799588E1
3.04000000000000004E9	-1.30304541416301101E1
3.04199999999999982E9	-1.30814402233971827E1
3.04399999999999959E9	-1.31271418957607655E1
3.04600000000000026E9	-1.31741985701386355E1
3.04800000000000004E9	-1.32263780123420549E1
3.04999999999999982E9	-1.32763391087492599E1
3.05200000000000005E9	-1.33270079930498997E1
3.05399999999999983E9	-1.33815676866838973E1
3.05600000000000005E9	-1.34255949992210621E1
3.05800000000000027E9	-1.34875166903227672E1
3.06000000000000005E9	-1.35454075391764084E1
3.06199999999999983E9	-1.36153316015832981E1
3.06399999999999961E9	-1.36740973830082369E1
3.06600000000000028E9	-1.37339433211819850E1
3.06800000000000006E9	-1.38139195709471685E1
3.06999999999999984E9	-1.38839500767475044E1
3.07200000000000006E9	-1.39323777989235942E1
3.07399999999999984E9	-1.39798968451737360E1
3.07600000000000007E9	-1.40206037975068631E1
3.07800000000000029E9	-1.40501846684913678E1
3.08000000000000007E9	-1.40797379808739098E1
3.08199999999999985E9	-1.40941923946417047E1
3.08399999999999963E9	-1.41259853704931748E1
3.08600000000000030E9	-1.41253979493784865E1
3.08800000000000008E9	-1.41489178820708283E1
3.08999999999999986E9	-1.41587483738744146E1
3.09199999999999964E9	-1.41695988810209905E1
3.09399999999999986E9	-1.41941189301991666E1
3.09600000000000009E9	-1.42100199987566067E1
3.09799999999999986E9	-1.42337770149434673E1
3.10000000000000009E9	-1.42571799766515550E1
3.10199999999999987E9	-1.42944198495528996E1
3.10400000000000009E9	-1.43030382979360704E1
3.10600000000000032E9	-1.43361599066052836E1
3.10800000000000010E9	-1.43547111585498044E1
3.11000000000000032E9	-1.43677901728885549E1
3.11199999999999966E9	-1.43716879218798499E1
3.11399999999999988E9	-1.43718115084019171E1
3.11600000000000055E9	-1.43952872167006696E1
3.11799999999999988E9	-1.43903732773175763E1
3.12000000000000011E9	-1.43962538523118444E1
3.12199999999999989E9	-1.44312554786978042E1
3.12399999999999967E9	-1.44551577720275870E1
3.12600000000000033E9	-1.44998819835895398E1
3.12800000000000011E9	-1.45349657492245066E1
3.12999999999999989E9	-1.45714235245676016E1
3.13200000000000012E9	-1.46004632737819051E1
3.13399999999999945E9	-1.46194366175303636E1
3.13600000000000012E9	-1.46784759660475861E1
3.13800000000000034E9	-1.47121439978779467E1
3.13999999999999968E9	-1.47603916274242031E1
3.14199999999999990E9	-1.48030633133117751E1
3.14399999999999968E9	-1.48323618265493296E1
3.14599999999999991E9	-1.48677155841007980E1
3.14800000000000013E9	-1.48991821220824039E1
3.14999999999999991E9	-1.49316932337752450E1
3.15200000000000014E9	-1.49424874354926418E1
3.15399999999999991E9	-1.49461353356942261E1
3.15600000000000014E9	-1.49446798837381944E1
3.15800000000000036E9	-1.49607072240289218E1
3.16000000000000014E9	-1.49447027251891384E1
3.16199999999999992E9	-1.49630687759007119E1
3.16399999999999970E9	-1.49401414873440053E1
3.16600000000000037E9	-1.49564697384061263E1
3.16800000000000015E9	-1.49461918134799743E1
3.16999999999999993E9	-1.49438279588473466E1
3.17199999999999971E9	-1.49433790948857026E1
3.17399999999999993E9	-1.49198047271611567E1
3.17600000000000016E9	-1.49373919547797263E1
3.17799999999999994E9	-1.49282919547797244E1
3.18000000000000016E9	-1.49311346966048153E1
3.18199999999999994E9	-1.49246076071522804E1
3.18399999999999972E9	-1.49021807223165093E1
3.18600000000000039E9	-1.49014356612709320E1
3.18800000000000017E9	-1.48675510076885842E1
3.18999999999999995E9	-1.48593342766395109E1
3.19199999999999973E9	-1.48485531500488710E1
3.19399999999999995E9	-1.48263095201581940E1
3.19600000000000017E9	-1.47961491267146728E1
3.19799999999999995E9	-1.47823982595664027E1
3.20000000000000018E9	-1.47759899940765371E1
3.20199999999999951E9	-1.47684230923547344E1
3.20399999999999974E9	-1.47277798433407692E1
3.20600000000000041E9	-1.47232899360537117E1
3.20799999999999974E9	-1.47187990206904318E1
3.20999999999999996E9	-1.46848882118693780E1
3.21199999999999974E9	-1.46775359803870709E1
3.21399999999999997E9	-1.46512547928207781E1
3.21600000000000019E9	-1.46430319581071910E1
3.21799999999999997E9	-1.46141464387332354E1
3.22000000000000020E9	-1.45893674474202095E1
3.22199999999999998E9	-1.45492958811709272E1
3.22399999999999931E9	-1.45266959943136054E1
3.22600000000000042E9	-1.44894519702903257E1
3.22800000000000020E9	-1.44610814916469721E1
3.22999999999999954E9	-1.44252051585641183E1
3.23200000000000021E9	-1.43823817951989996E1
3.23399999999999954E9	-1.43301418793811886E1
3.23599999999999977E9	-1.42963534416143401E1
3.23800000000000043E9	-1.42612879840510209E1
3.23999999999999977E9	-1.42299924319515902E1
3.24199999999999999E9	-1.41981453086815668E1
3.24399999999999977E9	-1.41539557855622111E1
3.24600000000000000E9	-1.41466918046444556E1
3.24800000000000022E9	-1.41108441564990716E1
3.25000000000000000E9	-1.40688885123926322E1
3.25199999999999978E9	-1.40538237269283073E1
3.25400000000000000E9	-1.40226912767894163E1
3.25600000000000023E9	-1.40158635698737566E1
3.25800000000000001E9	-1.39798305383538013E1
3.26000000000000023E9	-1.39712794855822575E1
3.26199999999999957E9	-1.39610782250755139E1
3.26400000000000023E9	-1.39457626351371355E1
3.26600000000000046E9	-1.39406264375920497E1
3.26799999999999979E9	-1.39404156345454133E1
3.27000000000000046E9	-1.39457409667090171E1
3.27199999999999980E9	-1.39522079806395261E1
3.27399999999999958E9	-1.39541075954490834E1
3.27600000000000069E9	-1.39472179050652323E1
3.27800000000000002E9	-1.39330859833064946E1
3.27999999999999980E9	-1.39316889106948261E1
3.28200000000000003E9	-1.39089337818150294E1
3.28399999999999981E9	-1.39251939279929049E1
3.28600000000000003E9	-1.39237740074289862E1
3.28800000000000026E9	-1.39222995018667461E1
3.29000000000000004E9	-1.39389391498539239E1
3.29200000000000026E9	-1.39396595864840367E1
3.29399999999999959E9	-1.39470578447109661E1
3.29600000000000026E9	-1.39508397877703061E1
3.29800000000000049E9	-1.39530599554196932E1
3.29999999999999982E9	-1.39497987822550229E1
3.30199999999999960E9	-1.39639980628793814E1
3.30399999999999983E9	-1.39474187609876199E1
3.30600000000000005E9	-1.39542799377343707E1
3.30799999999999983E9	-1.39492153762359039E1
3.31000000000000005E9	-1.39470156752952401E1
3.31199999999999983E9	-1.39309936185275962E1
3.31400000000000006E9	-1.39201765856429405E1
3.31600000000000028E9	-1.39202963578232208E1
3.31800000000000006E9	-1.39162786369299685E1
3.32000000000000028E9	-1.39211126503949956E1
3.32200000000000006E9	-1.39308785656184786E1
3.32399999999999940E9	-1.39318552810154306E1
3.32600000000000051E9	-1.39391917335118887E1
3.32800000000000029E9	-1.39434811330530395E1
3.32999999999999963E9	-1.39062616500382208E1
3.33199999999999985E9	-1.39165866514954417E1
3.33399999999999963E9	-1.38758236831582682E1
3.33599999999999985E9	-1.38652152109886684E1
3.33800000000000008E9	-1.38418719950484181E1
3.33999999999999986E9	-1.38264739182502860E1
3.34200000000000008E9	-1.38133876149092849E1
3.34399999999999986E9	-1.37980959256564617E1
3.34600000000000009E9	-1.37880515292042127E1
3.34800000000000031E9	-1.37681710973386018E1
3.35000000000000009E9	-1.37402073918353529E1
3.35199999999999942E9	-1.37536030989919245E1
3.35400000000000009E9	-1.37430099150897211E1
3.35600000000000032E9	-1.37460482671844009E1
3.35799999999999965E9	-1.37370650188547572E1
3.36000000000000032E9	-1.37314899844050964E1
3.36199999999999966E9	-1.37290049849250284E1
3.36399999999999988E9	-1.37277974004026881E1
3.36600000000000055E9	-1.36943619799691008E1
3.36799999999999988E9	-1.36793114546294525E1
3.37000000000000011E9	-1.36515007905655783E1
3.37199999999999989E9	-1.36093788916979141E1
3.37399999999999967E9	-1.35558051620763087E1
3.37600000000000033E9	-1.35016350949057440E1
3.37800000000000011E9	-1.34336548586094251E1
3.37999999999999989E9	-1.33897417304514321E1
3.38200000000000012E9	-1.33252951675856890E1
3.38399999999999945E9	-1.32840799255267950E1
3.38600000000000012E9	-1.32523024817827539E1
3.38800000000000034E9	-1.32142183442433736E1
3.38999999999999968E9	-1.31679764703492119E1
3.39200000000000035E9	-1.31399962200526854E1
3.39399999999999968E9	-1.30817697674809819E1
3.39599999999999991E9	-1.30677692910527354E1
3.39800000000000058E9	-1.30062499365418183E1
3.39999999999999991E9	-1.29832299850266608E1
3.40199999999999969E9	-1.29389295123917902E1
3.40399999999999991E9	-1.28841599328640410E1
3.40600000000000014E9	-1.28357285543810917E1
3.40799999999999992E9	-1.27929693382320009E1
3.41000000000000014E9	-1.27379694434482049E1
3.41199999999999992E9	-1.27012492211067118E1
3.41400000000000015E9	-1.26717984415013074E1
3.41600000000000037E9	-1.26181839024002329E1
3.41800000000000015E9	-1.25948529543616683E1
3.42000000000000037E9	-1.25549512726230894E1
3.42199999999999971E9	-1.25375879450980077E1
3.42399999999999949E9	-1.25240331774986946E1
3.42600000000000060E9	-1.24984356415072551E1
3.42799999999999994E9	-1.24891839691113549E1
3.42999999999999972E9	-1.24666195858310513E1
3.43199999999999994E9	-1.24394839579183647E1
3.43399999999999972E9	-1.23985419984091827E1
3.43599999999999994E9	-1.23742719531124301E1
3.43800000000000017E9	-1.23319739726983890E1
3.43999999999999995E9	-1.23108039624730936E1
3.44200000000000017E9	-1.22825000000000006E1
3.44399999999999995E9	-1.22629678025261413E1
3.44600000000000017E9	-1.22733199870142973E1
3.44800000000000040E9	-1.22749179282702259E1
3.45000000000000018E9	-1.22632764565327035E1
3.45199999999999951E9	-1.22420837963510376E1
3.45399999999999974E9	-1.22443799994473701E1
3.45600000000000041E9	-1.22342119998010590E1
3.45799999999999974E9	-1.22361595969476333E1
3.45999999999999996E9	-1.22149279773672248E1
3.46199999999999974E9	-1.22070474123589978E1
3.46399999999999997E9	-1.21658676975321223E1
3.46600000000000019E9	-1.21616393978456361E1
3.46799999999999997E9	-1.21282198004371011E1
3.47000000000000020E9	-1.20928038629321000E1
3.47199999999999998E9	-1.20627276093972458E1
3.47399999999999931E9	-1.20247777073684459E1
3.47600000000000042E9	-1.19886679971114640E1
3.47800000000000020E9	-1.19579977426007389E1
3.47999999999999954E9	-1.19254939998984533E1
3.48200000000000021E9	-1.18961719853796044E1
3.48399999999999954E9	-1.18866399277696466E1
3.48599999999999977E9	-1.18538479348130643E1
3.48800000000000043E9	-1.18481175881072476E1
3.48999999999999977E9	-1.18169938688027587E1
3.49199999999999999E9	-1.18148999999999971E1
3.49399999999999977E9	-1.18042999999999987E1
3.49600000000000000E9	-1.17903000000000002E1
3.49800000000000022E9	-1.17825000000000002E1
3.50000000000000000E9	-1.17825000000000002E1


freq	dB(S(3,4))
2.00000000000000000E9	-3.01281010536426352E1
2.00199999999999978E9	-3.01288114628938830E1
2.00400000000000000E9	-3.01295667789358834E1
2.00599999999999978E9	-3.01303671773434134E1
2.00800000000000001E9	-3.01312128352246544E1
2.01000000000000023E9	-3.01321039312350747E1
2.01199999999999957E9	-3.01330406455913646E1
2.01400000000000023E9	-3.01340231600854436E1
2.01600000000000001E9	-3.01350516580983951E1
2.01799999999999979E9	-3.01361263246148159E1
2.02000000000000002E9	-3.01372473462369062E1
2.02199999999999980E9	-3.01384149111989252E1
2.02400000000000002E9	-3.01396292093814644E1
2.02599999999999980E9	-3.01408904323260840E1
2.02800000000000002E9	-3.01421987732497687E1
2.03000000000000025E9	-3.01435544270596356E1
2.03200000000000003E9	-3.01449575903676248E1
2.03399999999999981E9	-3.01464084615053496E1
2.03600000000000003E9	-3.01479072405388360E1
2.03800000000000026E9	-3.01494541292835860E1
2.04000000000000004E9	-3.01510493313195083E1
2.04199999999999982E9	-3.01526930520059766E1
2.04400000000000004E9	-3.01543854984969872E1
2.04600000000000026E9	-3.01561268797562532E1
2.04800000000000004E9	-3.01579174065725786E1
2.04999999999999982E9	-3.01597572915749490E1
2.05200000000000005E9	-3.01616467492480478E1
2.05399999999999983E9	-3.01635859959474839E1
2.05600000000000005E9	-3.01655752499153351E1
2.05800000000000027E9	-3.01676147312954868E1
2.06000000000000005E9	-3.01697046621491438E1
2.06199999999999983E9	-3.01718452664704140E1
2.06400000000000006E9	-3.01740367702016954E1
2.06599999999999984E9	-3.01762794012494284E1
2.06800000000000006E9	-3.01785733894994568E1
2.06999999999999984E9	-3.01809189668327393E1
2.07200000000000006E9	-3.01833163671409022E1
2.07400000000000029E9	-3.01857658263417372E1
2.07599999999999962E9	-3.01882675823948965E1
2.07800000000000029E9	-3.01908218753173907E1
2.08000000000000007E9	-3.01934289471989814E1
2.08199999999999985E9	-3.01960890422179640E1
2.08400000000000007E9	-3.01988024066563465E1
2.08599999999999985E9	-3.02015692889154996E1
2.08800000000000008E9	-3.02043899395314019E1
2.08999999999999986E9	-3.02072646111899568E1
2.09199999999999964E9	-3.02101935587423043E1
2.09400000000000031E9	-3.02131770392198984E1
2.09600000000000009E9	-3.02162153118497168E1
2.09799999999999986E9	-3.02193086380690890E1
2.10000000000000009E9	-3.02224572815407821E1
2.10199999999999987E9	-3.02256615081675450E1
2.10400000000000009E9	-3.02289215861068650E1
2.10599999999999987E9	-3.02322377857855074E1
2.10800000000000010E9	-3.02356103799137532E1
2.11000000000000032E9	-3.02390396434996767E1
2.11199999999999966E9	-3.02425258538630892E1
2.11399999999999988E9	-3.02460692906494000E1
2.11600000000000010E9	-3.02496702358432534E1
2.11799999999999988E9	-3.02533289737817990E1
2.12000000000000011E9	-3.02570457911680535E1
2.12199999999999989E9	-3.02608209770835845E1
2.12400000000000011E9	-3.02646548230013712E1
2.12599999999999989E9	-3.02685476227980210E1
2.12800000000000011E9	-3.02724996727658224E1
2.12999999999999989E9	-3.02765112716245932E1
2.13200000000000012E9	-3.02805827205329425E1
2.13399999999999990E9	-3.02847143230994487E1
2.13600000000000012E9	-3.02889063853931040E1
2.13800000000000034E9	-3.02931592159537777E1
2.13999999999999968E9	-3.02974731258018704E1
2.14199999999999990E9	-3.03018484284478173E1
2.14400000000000013E9	-3.03062854399007842E1
2.14599999999999991E9	-3.03107844786772596E1
2.14800000000000013E9	-3.03153458658087427E1
2.14999999999999991E9	-3.03199699248492083E1
2.15200000000000014E9	-3.03246569818815637E1
2.15399999999999991E9	-3.03294073655240304E1
2.15599999999999969E9	-3.03342214069353222E1
2.15800000000000036E9	-3.03390994398196501E1
2.16000000000000014E9	-3.03440418004304835E1
2.16199999999999992E9	-3.03490488275741166E1
2.16400000000000015E9	-3.03541208626119241E1
2.16599999999999993E9	-3.03592582494622887E1
2.16800000000000015E9	-3.03644613346010805E1
2.16999999999999993E9	-3.03697304670618795E1
2.17199999999999971E9	-3.03750659984346116E1
2.17400000000000038E9	-3.03804682828637640E1
2.17599999999999971E9	-3.03859376770450851E1
2.17799999999999994E9	-3.03914745402213793E1
2.18000000000000016E9	-3.03970792341773643E1
2.18199999999999994E9	-3.04027521232328368E1
2.18400000000000016E9	-3.04084935742351714E1
2.18599999999999994E9	-3.04143039565499240E1
2.18800000000000017E9	-3.04201836420506400E1
2.18999999999999995E9	-3.04261330051066725E1
2.19199999999999973E9	-3.04321524225700069E1
2.19399999999999995E9	-3.04382422737601699E1
2.19600000000000017E9	-3.04444029404477057E1
2.19799999999999995E9	-3.04506348068357902E1
2.20000000000000018E9	-3.04569382595403004E1
2.20199999999999996E9	-3.04633136875677213E1
2.20399999999999974E9	-3.04697614822914353E1
2.20599999999999996E9	-3.04762820374257037E1
2.20800000000000018E9	-3.04828757489977775E1
2.20999999999999996E9	-3.04895430153176061E1
2.21199999999999974E9	-3.04962842369455434E1
2.21399999999999997E9	-3.05030998166571976E1
2.21600000000000019E9	-3.05099901594063194E1
2.21799999999999997E9	-3.05169556722846513E1
2.21999999999999975E9	-3.05239967644793797E1
2.22199999999999998E9	-3.05311138472275312E1
2.22400000000000020E9	-3.05383073337676203E1
2.22599999999999998E9	-3.05455776392880640E1
2.22800000000000020E9	-3.05529251808725144E1
2.22999999999999998E9	-3.05603503774417895E1
2.23200000000000021E9	-3.05678536496923936E1
2.23399999999999999E9	-3.05754354200314005E1
2.23599999999999977E9	-3.05830961125075396E1
2.23800000000000043E9	-3.05908361527383521E1
2.23999999999999977E9	-3.05986559678334391E1
2.24199999999999999E9	-3.06065559863131309E1
2.24400000000000022E9	-3.06145366380230710E1
2.24600000000000000E9	-3.06225983540439017E1
2.24800000000000022E9	-3.06307415665964200E1
2.25000000000000000E9	-3.06389667089414663E1
2.25199999999999978E9	-3.06472742152748356E1
2.25400000000000000E9	-3.06556645206165967E1
2.25599999999999978E9	-3.06641380606949498E1
2.25800000000000001E9	-3.06726952718239954E1
2.26000000000000023E9	-3.06813365907756008E1
2.26199999999999957E9	-3.06900624546448508E1
2.26400000000000023E9	-3.06988733007087244E1
2.26600000000000001E9	-3.07077695662782446E1
2.26799999999999979E9	-3.07167516885429492E1
2.27000000000000002E9	-3.07258201044084744E1
2.27199999999999980E9	-3.07349752503258911E1
2.27400000000000002E9	-3.07442175621132963E1
2.27599999999999980E9	-3.07535474747688387E1
2.27800000000000002E9	-3.07629654222750704E1
2.28000000000000025E9	-3.07724718373941153E1
2.28200000000000003E9	-3.07820671514535960E1
2.28399999999999981E9	-3.07917517941224883E1
2.28600000000000003E9	-3.08015261931767226E1
2.28800000000000026E9	-3.08113907742544324E1
2.29000000000000004E9	-3.08213459605998041E1
2.29199999999999982E9	-3.08313921727955131E1
2.29400000000000004E9	-3.08415298284832984E1
2.29600000000000026E9	-3.08517593420718006E1
2.29800000000000004E9	-3.08620811244316595E1
2.29999999999999982E9	-3.08724955825771552E1
2.30200000000000005E9	-3.08830031193334387E1
2.30399999999999983E9	-3.08936041329897071E1
2.30600000000000005E9	-3.09042990169368181E1
2.30800000000000027E9	-3.09150881592892413E1
2.31000000000000005E9	-3.09259719424906043E1
2.31199999999999983E9	-3.09369507429021784E1
2.31400000000000006E9	-3.09480249303735233E1
2.31599999999999984E9	-3.09591948677949080E1
2.31800000000000006E9	-3.09704609106302176E1
2.31999999999999984E9	-3.09818234064300579E1
2.32200000000000006E9	-3.09932826943242956E1
2.32400000000000029E9	-3.10048391044926053E1
2.32599999999999962E9	-3.10164929576129733E1
2.32800000000000029E9	-3.10282445642866822E1
2.33000000000000007E9	-3.10400942244390832E1
2.33199999999999985E9	-3.10520422266951535E1
2.33400000000000007E9	-3.10640888477288479E1
2.33599999999999985E9	-3.10762343515852724E1
2.33800000000000008E9	-3.10884789889744573E1
2.33999999999999986E9	-3.11008229965357863E1
2.34199999999999964E9	-3.11132665960716803E1
2.34400000000000031E9	-3.11258099937496757E1
2.34600000000000009E9	-3.11384533792713603E1
2.34799999999999986E9	-3.11511969250069765E1
2.35000000000000009E9	-3.11640407850943513E1
2.35199999999999987E9	-3.11769850945007265E1
2.35400000000000009E9	-3.11900299680461357E1
2.35599999999999987E9	-3.12031754993867461E1
2.35800000000000010E9	-3.12164217599564076E1
2.36000000000000032E9	-3.12297687978654581E1
2.36199999999999966E9	-3.12432166367540631E1
2.36399999999999988E9	-3.12567652745996183E1
2.36600000000000010E9	-3.12704146824751517E1
2.36799999999999988E9	-3.12841648032579123E1
2.37000000000000011E9	-3.12980155502854895E1
2.37199999999999989E9	-3.13119668059579759E1
2.37400000000000011E9	-3.13260184202837211E1
2.37599999999999989E9	-3.13401702093667156E1
2.37800000000000011E9	-3.13544219538335112E1
2.37999999999999989E9	-3.13687733971972138E1
2.38200000000000012E9	-3.13832242441561204E1
2.38399999999999990E9	-3.13977741588248271E1
2.38600000000000012E9	-3.14124227628950337E1
2.38800000000000034E9	-3.14271696337235662E1
2.38999999999999968E9	-3.14420143023448828E1
2.39199999999999990E9	-3.14569562514053658E1
2.39400000000000013E9	-3.14719949130163190E1
2.39599999999999991E9	-3.14871296665230771E1
2.39800000000000013E9	-3.15023598361867885E1
2.39999999999999991E9	-3.15176846887759821E1
2.40200000000000014E9	-3.15331034310648395E1
2.40399999999999991E9	-3.15486152072343717E1
2.40599999999999969E9	-3.15642190961735558E1
2.40800000000000036E9	-3.15799141086768964E1
2.41000000000000014E9	-3.15956991845344559E1
2.41199999999999992E9	-3.16115731895111907E1
2.41400000000000015E9	-3.16275349122112770E1
2.41599999999999993E9	-3.16435830608242474E1
2.41800000000000015E9	-3.16597162597483450E1
2.41999999999999993E9	-3.16759330460875077E1
2.42199999999999971E9	-3.16922318660175906E1
2.42400000000000038E9	-3.17086110710180691E1
2.42599999999999971E9	-3.17250689139645559E1
2.42799999999999994E9	-3.17416035450778589E1
2.43000000000000016E9	-3.17582130077257485E1
2.43199999999999994E9	-3.17748952340722601E1
2.43400000000000016E9	-3.17916480405705570E1
2.43599999999999994E9	-3.18084691232948469E1
2.43800000000000017E9	-3.18253560531066393E1
2.43999999999999995E9	-3.18423062706509929E1
2.44199999999999973E9	-3.18593170811781379E1
2.44399999999999995E9	-3.18763856491860320E1
2.44600000000000017E9	-3.18935089928794069E1
2.44799999999999995E9	-3.19106839784407903E1
2.45000000000000018E9	-3.19279073141094338E1
2.45199999999999996E9	-3.19451755440635754E1
2.45399999999999974E9	-3.19624850421021600E1
2.45599999999999996E9	-3.19798320051220974E1
2.45800000000000018E9	-3.19972124463872021E1
2.45999999999999996E9	-3.20146221885851423E1
2.46199999999999974E9	-3.20320568566695041E1
2.46399999999999997E9	-3.20495118704835713E1
2.46600000000000019E9	-3.20669824371631762E1
2.46799999999999997E9	-3.20844635433170122E1
2.46999999999999975E9	-3.21019499469812519E1
2.47199999999999998E9	-3.21194361693488251E1
2.47400000000000020E9	-3.21369164862706791E1
2.47599999999999998E9	-3.21543849195307141E1
2.47800000000000020E9	-3.21718352278932773E1
2.47999999999999998E9	-3.21892608979255090E1
2.48200000000000021E9	-3.22066551345961738E1
2.48399999999999999E9	-3.22240108516541701E1
2.48599999999999977E9	-3.22413206617901960E1
2.48800000000000043E9	-3.22585768665876937E1
2.48999999999999977E9	-3.22757714462682888E1
2.49199999999999999E9	-3.22928960492399630E1
2.49400000000000022E9	-3.23099419814566868E1
2.49600000000000000E9	-3.23269001956003743E1
2.49800000000000022E9	-3.23437612800969365E1
2.50000000000000000E9	-3.23605154479806467E1
2.50199999999999978E9	-3.23771525256230408E1
2.50400000000000000E9	-3.23936619413434457E1
2.50599999999999978E9	-3.24100327139222610E1
2.50800000000000001E9	-3.24262534410388659E1
2.51000000000000023E9	-3.24423122876592496E1
2.51199999999999957E9	-3.24581969744013676E1
2.51400000000000023E9	-3.24738947659081401E1
2.51600000000000001E9	-3.24893924592618077E1
2.51799999999999979E9	-3.25046763724761556E1
2.52000000000000002E9	-3.25197323331063526E1
2.52199999999999980E9	-3.25345456670194277E1
2.52400000000000002E9	-3.25491011873726155E1
2.52599999999999980E9	-3.25633831838492949E1
2.52800000000000002E9	-3.25773754122076076E1
2.53000000000000025E9	-3.25910610841993309E1
2.53200000000000003E9	-3.26044228579217421E1
2.53399999999999981E9	-3.26174428286681595E1
2.53600000000000003E9	-3.26301025203486583E1
2.53800000000000026E9	-3.26423828775548097E1
2.54000000000000004E9	-3.26542642583476939E1
2.54199999999999982E9	-3.26657264278527171E1
2.54400000000000004E9	-3.26767485527474344E1
2.54600000000000026E9	-3.26873091967348817E1
2.54800000000000004E9	-3.26973863170962442E1
2.54999999999999982E9	-3.27069572624221516E1
2.55200000000000005E9	-3.27159987716246192E1
2.55399999999999983E9	-3.27244869743341349E1
2.55600000000000005E9	-3.27323973927900846E1
2.55800000000000027E9	-3.27397049453338074E1
2.56000000000000005E9	-3.27463839516155364E1
2.56199999999999983E9	-3.27524081396277911E1
2.56399999999999961E9	-3.27577506546776842E1
2.56600000000000028E9	-3.27623840704094516E1
2.56800000000000006E9	-3.27662804019883902E1
2.56999999999999984E9	-3.27694111215535377E1
2.57200000000000006E9	-3.27717471760441015E1
2.57399999999999984E9	-3.27732590074988384E1
2.57600000000000007E9	-3.27739165759224926E1
2.57800000000000029E9	-3.27736893848061195E1
2.58000000000000007E9	-3.27725465093787571E1
2.58199999999999985E9	-3.27704566276585485E1
2.58399999999999963E9	-3.27673880543596718E1
2.58600000000000030E9	-3.27633087776979304E1
2.58800000000000008E9	-3.27581864991237293E1
2.58999999999999986E9	-3.27519886759940837E1
2.59199999999999964E9	-3.27446825671787156E1
2.59399999999999986E9	-3.27362352815744462E1
2.59600000000000009E9	-3.27266138294825248E1
2.59799999999999986E9	-3.27157851767811403E1
2.60000000000000009E9	-3.27037163018018839E1
2.60199999999999987E9	-3.26903742547941523E1
2.60400000000000009E9	-3.26757262198376930E1
2.60600000000000032E9	-3.26597395790356249E1
2.60800000000000010E9	-3.26423819787957203E1
2.61000000000000032E9	-3.26236213979800471E1
2.61199999999999966E9	-3.26034262176776579E1
2.61399999999999988E9	-3.25817652923286705E1
2.61600000000000055E9	-3.25586080219034368E1
2.61799999999999988E9	-3.25339244248170534E1
2.62000000000000011E9	-3.25076852112362635E1
2.62199999999999989E9	-3.24798618564179131E1
2.62399999999999967E9	-3.24504266736970104E1
2.62600000000000033E9	-3.24193528867308967E1
2.62800000000000011E9	-3.23866147005916716E1
2.62999999999999989E9	-3.23521873712907881E1
2.63200000000000012E9	-3.23160472733157267E1
2.63399999999999945E9	-3.22781719647569654E1
2.63600000000000012E9	-3.22385402496060758E1
2.63800000000000034E9	-3.21971322368148893E1
2.63999999999999968E9	-3.21539293957151662E1
2.64199999999999990E9	-3.21089146074167164E1
2.64399999999999968E9	-3.20620722118204871E1
2.64599999999999991E9	-3.20133880499091017E1
2.64800000000000013E9	-3.19628495010056257E1
2.64999999999999991E9	-3.19104455147235644E1
2.65200000000000014E9	-3.18561666373673447E1
2.65399999999999991E9	-3.18000050325814376E1
2.65600000000000014E9	-3.17419544960875655E1
2.65800000000000036E9	-3.16820104643928291E1
2.66000000000000014E9	-3.16201700173967826E1
2.66199999999999992E9	-3.15564318748718486E1
2.66399999999999970E9	-3.14907963868367213E1
2.66600000000000037E9	-3.14232655178893872E1
2.66800000000000015E9	-3.13538428256113022E1
2.66999999999999993E9	-3.12825334331979965E1
2.67199999999999971E9	-3.12093439965130059E1
2.67399999999999993E9	-3.11342826658015603E1
2.67600000000000016E9	-3.10573590423372048E1
2.67799999999999994E9	-3.09785841303064746E1
2.68000000000000016E9	-3.08979702842672710E1
2.68199999999999994E9	-3.08155311525412401E1
2.68399999999999972E9	-3.07312816169219216E1
2.68600000000000039E9	-3.06452377290968370E1
2.68800000000000017E9	-3.05574166441952544E1
2.68999999999999995E9	-3.04678365518799454E1
2.69199999999999973E9	-3.03765166054069358E1
2.69399999999999995E9	-3.02834768490751305E1
2.69600000000000017E9	-3.01887381444847813E1
2.69799999999999995E9	-3.00923220960154714E1
2.70000000000000018E9	-2.99942509759225828E1
2.70199999999999996E9	-2.98945476494367890E1
2.70399999999999974E9	-2.97932355002348137E1
2.70600000000000041E9	-2.96903383566287360E1
2.70800000000000018E9	-2.95858804188003210E1
2.70999999999999996E9	-2.94798861873840545E1
2.71199999999999974E9	-2.93723803936766803E1
2.71399999999999952E9	-2.92633879317276602E1
2.71600000000000019E9	-2.91529337925371657E1
2.71799999999999997E9	-2.90410430005638354E1
2.71999999999999975E9	-2.89277405527174425E1
2.72199999999999998E9	-2.88130513599870586E1
2.72399999999999975E9	-2.86970001918294670E1
2.72599999999999998E9	-2.85796116234197317E1
2.72800000000000020E9	-2.84609099858424353E1
2.72999999999999998E9	-2.83409193192795694E1
2.73200000000000021E9	-2.82196633292333976E1
2.73399999999999954E9	-2.80971653458006365E1
2.73600000000000021E9	-2.79734482859996181E1
2.73800000000000043E9	-2.78485346191352789E1
2.73999999999999977E9	-2.77224463351731920E1
2.74199999999999999E9	-2.75952049160817481E1
2.74399999999999977E9	-2.74668313100905470E1
2.74600000000000000E9	-2.73373459088040338E1
2.74800000000000022E9	-2.72067685271028381E1
2.75000000000000000E9	-2.70751183857576905E1
2.75199999999999978E9	-2.69424140966775871E1
2.75400000000000000E9	-2.68086736507104639E1
2.75600000000000023E9	-2.66739144079122381E1
2.75800000000000001E9	-2.65381530902003915E1
2.76000000000000023E9	-2.64014057763076870E1
2.76199999999999957E9	-2.62636878989550748E1
2.76399999999999979E9	-2.61250142441631006E1
2.76600000000000046E9	-2.59853989526273077E1
2.76799999999999979E9	-2.58448555230853749E1
2.77000000000000002E9	-2.57033968176108685E1
2.77199999999999980E9	-2.55610350687729326E1
2.77400000000000002E9	-2.54177818886095608E1
2.77600000000000025E9	-2.52736482793682127E1
2.77800000000000002E9	-2.51286446459763457E1
2.78000000000000025E9	-2.49827808102128435E1
2.78200000000000003E9	-2.48360660265603173E1
2.78399999999999981E9	-2.46885089997282492E1
2.78600000000000048E9	-2.45401179038474693E1
2.78800000000000026E9	-2.43909004033463095E1
2.79000000000000004E9	-2.42408636755310436E1
2.79199999999999982E9	-2.40900144349053091E1
2.79399999999999959E9	-2.39383589592735246E1
2.79600000000000026E9	-2.37859031176898394E1
2.79800000000000004E9	-2.36326524003242788E1
2.79999999999999982E9	-2.34786119503341517E1
2.80200000000000005E9	-2.33237865978427195E1
2.80399999999999983E9	-2.31681808961434843E1
2.80600000000000005E9	-2.30117991602629957E1
2.80800000000000027E9	-2.28546455080351629E1
2.81000000000000005E9	-2.26967239038549984E1
2.81199999999999983E9	-2.25380382052999728E1
2.81399999999999961E9	-2.23785922128272929E1
2.81600000000000028E9	-2.22183897227742788E1
2.81800000000000006E9	-2.20574345839127028E1
2.81999999999999984E9	-2.18957307578290639E1
2.82200000000000006E9	-2.17332823834264532E1
2.82399999999999984E9	-2.15700938458690450E1
2.82600000000000007E9	-2.14061698503148135E1
2.82800000000000029E9	-2.12415155008082346E1
2.83000000000000007E9	-2.10761363847332772E1
2.83199999999999985E9	-2.09100386632525792E1
2.83399999999999963E9	-2.07432291681887415E1
2.83600000000000030E9	-2.05757155058311891E1
2.83800000000000008E9	-2.04075061681796166E1
2.83999999999999986E9	-2.02386106521649856E1
2.84199999999999964E9	-2.00690395874129379E1
2.84399999999999986E9	-1.98988048731416667E1
2.84600000000000009E9	-1.97279198248073695E1
2.84799999999999986E9	-1.95563993311311068E1
2.85000000000000009E9	-1.93842600221532413E1
2.85199999999999987E9	-1.92115204489723257E1
2.85400000000000009E9	-1.90382012758259611E1
2.85600000000000032E9	-1.88643254851615838E1
2.85800000000000010E9	-1.86899185963265557E1
2.86000000000000032E9	-1.85150088984717920E1
2.86199999999999966E9	-1.83396276982111006E1
2.86399999999999988E9	-1.81638095825076107E1
2.86600000000000055E9	-1.79875926971576527E1
2.86799999999999988E9	-1.78110190411209546E1
2.87000000000000011E9	-1.76341347767801215E1
2.87199999999999989E9	-1.74569905560155125E1
2.87399999999999967E9	-1.72796418617331016E1
2.87600000000000033E9	-1.71021493641868538E1
2.87800000000000011E9	-1.69245792910769066E1
2.87999999999999989E9	-1.67470038099828211E1
2.88200000000000012E9	-1.65695014211966907E1
2.88399999999999945E9	-1.63921573584395430E1
2.88600000000000012E9	-1.62150639942881547E1
2.88800000000000034E9	-1.60383212463834957E1
2.88999999999999968E9	-1.58620369796453908E1
2.89199999999999990E9	-1.56863273987801533E1
2.89399999999999968E9	-1.55113174243335727E1
2.89599999999999991E9	-1.53371410444292255E1
2.89800000000000013E9	-1.51639416331469112E1
2.89999999999999991E9	-1.49918722252632519E1
2.90200000000000014E9	-1.48210957358229467E1
2.90399999999999991E9	-1.46517851117783149E1
2.90600000000000014E9	-1.44841234017693887E1
2.90800000000000036E9	-1.43183037290902915E1
2.91000000000000014E9	-1.41545291520621341E1
2.91199999999999992E9	-1.39930123955084240E1
2.91399999999999970E9	-1.38339754368919277E1
2.91600000000000037E9	-1.36776489310391636E1
2.91800000000000015E9	-1.35242714583485246E1
2.91999999999999993E9	-1.33740885830691036E1
2.92199999999999971E9	-1.32273517107383065E1
2.92399999999999993E9	-1.30843167372592628E1
2.92600000000000016E9	-1.29452424864289517E1
2.92799999999999994E9	-1.28103889379954428E1
2.93000000000000016E9	-1.26800152544806299E1
2.93199999999999994E9	-1.25543776219268111E1
2.93399999999999972E9	-1.24337269272249107E1
2.93600000000000039E9	-1.23183063024891615E1
2.93800000000000017E9	-1.22083485747101572E1
2.93999999999999995E9	-1.21040736662449544E1
2.94199999999999973E9	-1.20056859981404362E1
2.94399999999999995E9	-1.19133719533665894E1
2.94600000000000017E9	-1.18272974603226566E1
2.94799999999999995E9	-1.17476057580822379E1
2.95000000000000018E9	-1.16744154034784886E1
2.95199999999999996E9	-1.16078185761501307E1
2.95399999999999974E9	-1.15478797310802483E1
2.95600000000000041E9	-1.14946346391563670E1
2.95800000000000018E9	-1.14480898452218383E1
2.95999999999999996E9	-1.14082225605000120E1
2.96199999999999974E9	-1.13749809927877332E1
2.96399999999999952E9	-1.13482851041533772E1
2.96600000000000019E9	-1.13280277727540035E1
2.96799999999999997E9	-1.13140763234981878E1
2.96999999999999975E9	-1.13062743822021861E1
2.97199999999999998E9	-1.13044440000686097E1
2.97399999999999975E9	-1.13083879900312034E1
2.97599999999999998E9	-1.13178924138575887E1
2.97800000000000020E9	-1.13327291588117562E1
2.97999999999999998E9	-1.13526585449234396E1
2.98200000000000021E9	-1.13774319081584152E1
2.98399999999999954E9	-1.14067941106045678E1
2.98600000000000021E9	-1.14404859357338973E1
2.98800000000000043E9	-1.14782463344021290E1
2.98999999999999977E9	-1.15198144950844616E1
2.99199999999999999E9	-1.15649317195326695E1
2.99399999999999977E9	-1.16133430922794312E1
2.99600000000000000E9	-1.16647989389688922E1
2.99800000000000022E9	-1.17190560742129457E1
3.00000000000000000E9	-1.17758788444696805E1
3.00199999999999978E9	-1.18350399752937996E1
3.00400000000000000E9	-1.18963212352446890E1
3.00600000000000023E9	-1.19595139308182752E1
3.00800000000000001E9	-1.20244192480829670E1
3.01000000000000023E9	-1.20908484573524855E1
3.01199999999999957E9	-1.21586229973274795E1
3.01399999999999979E9	-1.22275744547924914E1
3.01600000000000046E9	-1.22975444552667867E1
3.01799999999999979E9	-1.23683844790714526E1
3.02000000000000002E9	-1.24399556161688807E1
3.02199999999999980E9	-1.25121282719264393E1
3.02400000000000002E9	-1.25847818347073215E1
3.02600000000000025E9	-1.26578043149446118E1
3.02800000000000002E9	-1.27310919641438103E1
3.03000000000000025E9	-1.28045488811065433E1
3.03200000000000003E9	-1.28780866115957426E1
3.03399999999999981E9	-1.29516237466753870E1
3.03600000000000048E9	-1.30250855240654917E1
3.03800000000000026E9	-1.30984034360537605E1
3.04000000000000004E9	-1.31715148467993903E1
3.04199999999999982E9	-1.32443626212459820E1
3.04399999999999959E9	-1.33168947673251292E1
3.04600000000000026E9	-1.33890640926745741E1
3.04800000000000004E9	-1.34608278767040757E1
3.04999999999999982E9	-1.35321475585158990E1
3.05200000000000005E9	-1.36029884409161528E1
3.05399999999999983E9	-1.36733194105289235E1
3.05600000000000005E9	-1.37431126738468667E1
3.05800000000000027E9	-1.38123435089083446E1
3.06000000000000005E9	-1.38809900321786261E1
3.06199999999999983E9	-1.39490329801304402E1
3.06399999999999961E9	-1.40164555049540751E1
3.06600000000000028E9	-1.40832429837874407E1
3.06800000000000006E9	-1.41493828408264677E1
3.06999999999999984E9	-1.42148643816643383E1
3.07200000000000006E9	-1.42796786392020292E1
3.07399999999999984E9	-1.43438182304786466E1
3.07600000000000007E9	-1.44072772237810387E1
3.07800000000000029E9	-1.44700510154068374E1
3.08000000000000007E9	-1.45321362154784417E1
3.08199999999999985E9	-1.45935305422247574E1
3.08399999999999963E9	-1.46542327241753356E1
3.08600000000000030E9	-1.47142424097363533E1
3.08800000000000008E9	-1.47735600836450898E1
3.08999999999999986E9	-1.48321869898263059E1
3.09199999999999964E9	-1.48901250602020641E1
3.09399999999999986E9	-1.49473768490310621E1
3.09600000000000009E9	-1.50039454723810084E1
3.09799999999999986E9	-1.50598345523622013E1
3.10000000000000009E9	-1.51150481657733526E1
3.10199999999999987E9	-1.51695907968352994E1
3.10400000000000009E9	-1.52234672937093229E1
3.10600000000000032E9	-1.52766828285167966E1
3.10800000000000010E9	-1.53292428605982911E1
3.11000000000000032E9	-1.53811531027668846E1
3.11199999999999966E9	-1.54324194903291234E1
3.11399999999999988E9	-1.54830481526629615E1
3.11600000000000055E9	-1.55330453871567631E1
3.11799999999999988E9	-1.55824176353288646E1
3.12000000000000011E9	-1.56311714609593544E1
3.12199999999999989E9	-1.56793135300792019E1
3.12399999999999967E9	-1.57268505926722590E1
3.12600000000000033E9	-1.57737894659578548E1
3.12800000000000011E9	-1.58201370191305091E1
3.12999999999999989E9	-1.58659001594426741E1
3.13200000000000012E9	-1.59110858195261984E1
3.13399999999999945E9	-1.59557009458547494E1
3.13600000000000012E9	-1.59997524882571085E1
3.13800000000000034E9	-1.60432473903995754E1
3.13999999999999968E9	-1.60861925811594086E1
3.14199999999999990E9	-1.61285949668198691E1
3.14399999999999968E9	-1.61704614240205058E1
3.14599999999999991E9	-1.62117987934034247E1
3.14800000000000013E9	-1.62526138738988335E1
3.14999999999999991E9	-1.62929134175992663E1
3.15200000000000014E9	-1.63327041251747795E1
3.15399999999999991E9	-1.63719926417854689E1
3.15600000000000014E9	-1.64107855534504909E1
3.15800000000000036E9	-1.64490893838370522E1
3.16000000000000014E9	-1.64869105914344938E1
3.16199999999999992E9	-1.65242555670815539E1
3.16399999999999970E9	-1.65611306318183260E1
3.16600000000000037E9	-1.65975420350351177E1
3.16800000000000015E9	-1.66334959528934045E1
3.16999999999999993E9	-1.66689984869965935E1
3.17199999999999971E9	-1.67040556632882842E1
3.17399999999999993E9	-1.67386734311596252E1
3.17600000000000016E9	-1.67728576627466675E1
3.17799999999999994E9	-1.68066141524020862E1
3.18000000000000016E9	-1.68399486163250467E1
3.18199999999999994E9	-1.68728666923359372E1
3.18399999999999972E9	-1.69053739397816782E1
3.18600000000000039E9	-1.69374758395616043E1
3.18800000000000017E9	-1.69691777942604527E1
3.18999999999999995E9	-1.70004851283802405E1
3.19199999999999973E9	-1.70314030886604506E1
3.19399999999999995E9	-1.70619368444785158E1
3.19600000000000017E9	-1.70920914883222208E1
3.19799999999999995E9	-1.71218720363270127E1
3.20000000000000018E9	-1.71512834288709115E1
3.20199999999999951E9	-1.71803305312216326E1
3.20399999999999974E9	-1.72090181342298187E1
3.20600000000000041E9	-1.72373509550624138E1
3.20799999999999974E9	-1.72653336379728861E1
3.20999999999999996E9	-1.72929707551023237E1
3.21199999999999974E9	-1.73202668073083954E1
3.21399999999999997E9	-1.73472262250177356E1
3.21600000000000019E9	-1.73738533690988417E1
3.21799999999999997E9	-1.74001525317522132E1
3.22000000000000020E9	-1.74261279374142819E1
3.22199999999999998E9	-1.74517837436736789E1
3.22399999999999931E9	-1.74771240421960039E1
3.22600000000000042E9	-1.75021528596563125E1
3.22800000000000020E9	-1.75268741586760202E1
3.22999999999999954E9	-1.75512918387632633E1
3.23200000000000021E9	-1.75754097372549789E1
3.23399999999999954E9	-1.75992316302584717E1
3.23599999999999977E9	-1.76227612335921013E1
3.23800000000000043E9	-1.76460022037227660E1
3.23999999999999977E9	-1.76689581387003725E1
3.24199999999999999E9	-1.76916325790866513E1
3.24399999999999977E9	-1.77140290088790242E1
3.24600000000000000E9	-1.77361508564273684E1
3.24800000000000022E9	-1.77580014953438381E1
3.25000000000000000E9	-1.77795842454043607E1
3.25199999999999978E9	-1.78009023734422733E1
3.25400000000000000E9	-1.78219590942319184E1
3.25600000000000023E9	-1.78427575713635145E1
3.25800000000000001E9	-1.78633009181077251E1
3.26000000000000023E9	-1.78835921982700752E1
3.26199999999999957E9	-1.79036344270345316E1
3.26400000000000023E9	-1.79234305717965681E1
3.26600000000000046E9	-1.79429835529846637E1
3.26799999999999979E9	-1.79622962448711965E1
3.27000000000000046E9	-1.79813714763713040E1
3.27199999999999980E9	-1.80002120318302916E1
3.27399999999999958E9	-1.80188206517998073E1
3.27600000000000069E9	-1.80372000338020522E1
3.27800000000000002E9	-1.80553528330820612E1
3.27999999999999980E9	-1.80732816633484106E1
3.28200000000000003E9	-1.80909890975023613E1
3.28399999999999981E9	-1.81084776683547632E1
3.28600000000000003E9	-1.81257498693317443E1
3.28800000000000026E9	-1.81428081551685061E1
3.29000000000000004E9	-1.81596549425913278E1
3.29200000000000026E9	-1.81762926109883982E1
3.29399999999999959E9	-1.81927235030689749E1
3.29600000000000026E9	-1.82089499255112175E1
3.29800000000000049E9	-1.82249741495988715E1
3.29999999999999982E9	-1.82407984118467104E1
3.30199999999999960E9	-1.82564249146147506E1
3.30399999999999983E9	-1.82718558267121978E1
3.30600000000000005E9	-1.82870932839897971E1
3.30799999999999983E9	-1.83021393899221740E1
3.31000000000000005E9	-1.83169962161793021E1
3.31199999999999983E9	-1.83316658031879642E1
3.31400000000000006E9	-1.83461501606824062E1
3.31600000000000028E9	-1.83604512682456256E1
3.31800000000000006E9	-1.83745710758403402E1
3.32000000000000028E9	-1.83885115043298120E1
3.32200000000000006E9	-1.84022744459900300E1
3.32399999999999940E9	-1.84158617650113321E1
3.32600000000000051E9	-1.84292752979916363E1
3.32800000000000029E9	-1.84425168544197327E1
3.32999999999999963E9	-1.84555882171499208E1
3.33199999999999985E9	-1.84684911428677512E1
3.33399999999999963E9	-1.84812273625473145E1
3.33599999999999985E9	-1.84937985818991879E1
3.33800000000000008E9	-1.85062064818107208E1
3.33999999999999986E9	-1.85184527187780157E1
3.34200000000000008E9	-1.85305389253288588E1
3.34399999999999986E9	-1.85424667104391783E1
3.34600000000000009E9	-1.85542376599401915E1
3.34800000000000031E9	-1.85658533369190826E1
3.35000000000000009E9	-1.85773152821110843E1
3.35199999999999942E9	-1.85886250142850362E1
3.35400000000000009E9	-1.85997840306211382E1
3.35600000000000032E9	-1.86107938070817935E1
3.35799999999999965E9	-1.86216557987753428E1
3.36000000000000032E9	-1.86323714403129803E1
3.36199999999999966E9	-1.86429421461591649E1
3.36399999999999988E9	-1.86533693109750009E1
3.36600000000000055E9	-1.86636543099554642E1
3.36799999999999988E9	-1.86737984991602413E1
3.37000000000000011E9	-1.86838032158382927E1
3.37199999999999989E9	-1.86936697787462336E1
3.37399999999999967E9	-1.87033994884610122E1
3.37600000000000033E9	-1.87129936276863518E1
3.37800000000000011E9	-1.87224534615539318E1
3.37999999999999989E9	-1.87317802379183362E1
3.38200000000000012E9	-1.87409751876469599E1
3.38399999999999945E9	-1.87500395249042606E1
3.38600000000000012E9	-1.87589744474311071E1
3.38800000000000034E9	-1.87677811368180825E1
3.38999999999999968E9	-1.87764607587746579E1
3.39200000000000035E9	-1.87850144633927019E1
3.39399999999999968E9	-1.87934433854056526E1
3.39599999999999991E9	-1.88017486444422000E1
3.39800000000000058E9	-1.88099313452758854E1
3.39999999999999991E9	-1.88179925780698420E1
3.40199999999999969E9	-1.88259334186171179E1
3.40399999999999991E9	-1.88337549285764139E1
3.40600000000000014E9	-1.88414581557037275E1
3.40799999999999992E9	-1.88490441340794423E1
3.41000000000000014E9	-1.88565138843316626E1
3.41199999999999992E9	-1.88638684138551160E1
3.41400000000000015E9	-1.88711087170262237E1
3.41600000000000037E9	-1.88782357754143248E1
3.41800000000000015E9	-1.88852505579890950E1
3.42000000000000037E9	-1.88921540213235883E1
3.42199999999999971E9	-1.88989471097949169E1
3.42399999999999949E9	-1.89056307557798497E1
3.42600000000000060E9	-1.89122058798478365E1
3.42799999999999994E9	-1.89186733909504068E1
3.42999999999999972E9	-1.89250341866066907E1
3.43199999999999994E9	-1.89312891530864880E1
3.43399999999999972E9	-1.89374391655892138E1
3.43599999999999994E9	-1.89434850884201156E1
3.43800000000000017E9	-1.89494277751633544E1
3.43999999999999995E9	-1.89552680688517827E1
3.44200000000000017E9	-1.89610068021340838E1
3.44399999999999995E9	-1.89666447974385344E1
3.44600000000000017E9	-1.89721828671342729E1
3.44800000000000040E9	-1.89776218136896491E1
3.45000000000000018E9	-1.89829624298273925E1
3.45199999999999951E9	-1.89882054986778259E1
3.45399999999999974E9	-1.89933517939288055E1
3.45600000000000041E9	-1.89984020799729914E1
3.45799999999999974E9	-1.90033571120534228E1
3.45999999999999996E9	-1.90082176364054112E1
3.46199999999999974E9	-1.90129843903969520E1
3.46399999999999997E9	-1.90176581026660552E1
3.46600000000000019E9	-1.90222394932561700E1
3.46799999999999997E9	-1.90267292737490790E1
3.47000000000000020E9	-1.90311281473954774E1
3.47199999999999998E9	-1.90354368092435422E1
3.47399999999999931E9	-1.90396559462652948E1
3.47600000000000042E9	-1.90437862374803180E1
3.47800000000000020E9	-1.90478283540783022E1
3.47999999999999954E9	-1.90517829595387833E1
3.48200000000000021E9	-1.90556507097491279E1
3.48399999999999954E9	-1.90594322531207050E1
3.48599999999999977E9	-1.90631282307025840E1
3.48800000000000043E9	-1.90667392762941934E1
3.48999999999999977E9	-1.90702660165552684E1
3.49199999999999999E9	-1.90737090711145774E1
3.49399999999999977E9	-1.90770690526765141E1
3.49600000000000000E9	-1.90803465671259853E1
3.49800000000000022E9	-1.90835422136319055E1
3.50000000000000000E9	-1.90866565847484759E1


