freq	dB(S(1,2))
2.00000000000000000E9	-3.56355000000000022E1
2.00199999999999978E9	-3.56355000000000022E1
2.00400000000000000E9	-3.56355000000000022E1
2.00599999999999978E9	-3.56355000000000022E1
2.00800000000000001E9	-3.56355000000000022E1
2.01000000000000023E9	-3.56355000000000022E1
2.01199999999999957E9	-3.56355000000000022E1
2.01400000000000023E9	-3.56355000000000022E1
2.01600000000000001E9	-3.56355000000000022E1
2.01799999999999979E9	-3.56355000000000022E1
2.02000000000000002E9	-3.56355000000000022E1
2.02199999999999980E9	-3.56355000000000022E1
2.02400000000000002E9	-3.56355000000000022E1
2.02599999999999980E9	-3.56355000000000022E1
2.02800000000000002E9	-3.56355000000000022E1
2.03000000000000025E9	-3.56355000000000022E1
2.03200000000000003E9	-3.56355000000000022E1
2.03399999999999981E9	-3.56355000000000022E1
2.03600000000000003E9	-3.56355000000000022E1
2.03800000000000026E9	-3.56355000000000022E1
2.04000000000000004E9	-3.56355000000000022E1
2.04199999999999982E9	-3.56355000000000022E1
2.04400000000000004E9	-3.56355000000000022E1
2.04600000000000026E9	-3.56355000000000022E1
2.04800000000000004E9	-3.56355000000000022E1
2.04999999999999982E9	-3.56355000000000022E1
2.05200000000000005E9	-3.56355000000000022E1
2.05399999999999983E9	-3.56355000000000022E1
2.05600000000000005E9	-3.56355000000000022E1
2.05800000000000027E9	-3.56355000000000022E1
2.06000000000000005E9	-3.56355000000000022E1
2.06199999999999983E9	-3.56355000000000022E1
2.06400000000000006E9	-3.56355000000000022E1
2.06599999999999984E9	-3.56355000000000022E1
2.06800000000000006E9	-3.56355000000000022E1
2.06999999999999984E9	-3.56355000000000022E1
2.07200000000000006E9	-3.56355000000000022E1
2.07400000000000029E9	-3.56355000000000022E1
2.07599999999999962E9	-3.56355000000000022E1
2.07800000000000029E9	-3.56355000000000022E1
2.08000000000000007E9	-3.56355000000000022E1
2.08199999999999985E9	-3.56355000000000022E1
2.08400000000000007E9	-3.56355000000000022E1
2.08599999999999985E9	-3.56355000000000022E1
2.08800000000000008E9	-3.56355000000000022E1
2.08999999999999986E9	-3.56355000000000022E1
2.09199999999999964E9	-3.56355000000000022E1
2.09400000000000031E9	-3.56355000000000022E1
2.09600000000000009E9	-3.56355000000000022E1
2.09799999999999986E9	-3.56355000000000022E1
2.10000000000000009E9	-3.56355000000000022E1
2.10199999999999987E9	-3.56355000000000022E1
2.10400000000000009E9	-3.56355000000000022E1
2.10599999999999987E9	-3.56355000000000022E1
2.10800000000000010E9	-3.56355000000000022E1
2.11000000000000032E9	-3.56355000000000022E1
2.11199999999999966E9	-3.56355000000000022E1
2.11399999999999988E9	-3.56355000000000022E1
2.11600000000000010E9	-3.56355000000000022E1
2.11799999999999988E9	-3.56355000000000022E1
2.12000000000000011E9	-3.56355000000000022E1
2.12199999999999989E9	-3.56355000000000022E1
2.12400000000000011E9	-3.56355000000000022E1
2.12599999999999989E9	-3.56355000000000022E1
2.12800000000000011E9	-3.56355000000000022E1
2.12999999999999989E9	-3.56355000000000022E1
2.13200000000000012E9	-3.56355000000000022E1
2.13399999999999990E9	-3.56355000000000022E1
2.13600000000000012E9	-3.56355000000000022E1
2.13800000000000034E9	-3.56355000000000022E1
2.13999999999999968E9	-3.56355000000000022E1
2.14199999999999990E9	-3.56355000000000022E1
2.14400000000000013E9	-3.56355000000000022E1
2.14599999999999991E9	-3.56355000000000022E1
2.14800000000000013E9	-3.56355000000000022E1
2.14999999999999991E9	-3.56355000000000022E1
2.15200000000000014E9	-3.56355000000000022E1
2.15399999999999991E9	-3.56355000000000022E1
2.15599999999999969E9	-3.56355000000000022E1
2.15800000000000036E9	-3.56355000000000022E1
2.16000000000000014E9	-3.56355000000000022E1
2.16199999999999992E9	-3.56355000000000022E1
2.16400000000000015E9	-3.56355000000000022E1
2.16599999999999993E9	-3.56355000000000022E1
2.16800000000000015E9	-3.56355000000000022E1
2.16999999999999993E9	-3.56355000000000022E1
2.17199999999999971E9	-3.56355000000000022E1
2.17400000000000038E9	-3.56355000000000022E1
2.17599999999999971E9	-3.56355000000000022E1
2.17799999999999994E9	-3.56355000000000022E1
2.18000000000000016E9	-3.56355000000000022E1
2.18199999999999994E9	-3.56355000000000022E1
2.18400000000000016E9	-3.56355000000000022E1
2.18599999999999994E9	-3.56355000000000022E1
2.18800000000000017E9	-3.56355000000000022E1
2.18999999999999995E9	-3.56355000000000022E1
2.19199999999999973E9	-3.56355000000000022E1
2.19399999999999995E9	-3.56355000000000022E1
2.19600000000000017E9	-3.56355000000000022E1
2.19799999999999995E9	-3.56355000000000022E1
2.20000000000000018E9	-3.56355000000000022E1
2.20199999999999996E9	-3.56355000000000022E1
2.20399999999999974E9	-3.56355000000000022E1
2.20599999999999996E9	-3.56355000000000022E1
2.20800000000000018E9	-3.56355000000000022E1
2.20999999999999996E9	-3.56355000000000022E1
2.21199999999999974E9	-3.56355000000000022E1
2.21399999999999997E9	-3.56355000000000022E1
2.21600000000000019E9	-3.56355000000000022E1
2.21799999999999997E9	-3.56355000000000022E1
2.21999999999999975E9	-3.56355000000000022E1
2.22199999999999998E9	-3.56355000000000022E1
2.22400000000000020E9	-3.56355000000000022E1
2.22599999999999998E9	-3.56355000000000022E1
2.22800000000000020E9	-3.56355000000000022E1
2.22999999999999998E9	-3.56355000000000022E1
2.23200000000000021E9	-3.56355000000000022E1
2.23399999999999999E9	-3.56355000000000022E1
2.23599999999999977E9	-3.56355000000000022E1
2.23800000000000043E9	-3.56355000000000022E1
2.23999999999999977E9	-3.56355000000000022E1
2.24199999999999999E9	-3.56355000000000022E1
2.24400000000000022E9	-3.56355000000000022E1
2.24600000000000000E9	-3.56355000000000022E1
2.24800000000000022E9	-3.56355000000000022E1
2.25000000000000000E9	-3.56355000000000022E1
2.25199999999999978E9	-3.56355000000000022E1
2.25400000000000000E9	-3.56355000000000022E1
2.25599999999999978E9	-3.56355000000000022E1
2.25800000000000001E9	-3.56355000000000022E1
2.26000000000000023E9	-3.56355000000000022E1
2.26199999999999957E9	-3.56355000000000022E1
2.26400000000000023E9	-3.56355000000000022E1
2.26600000000000001E9	-3.56355000000000022E1
2.26799999999999979E9	-3.56355000000000022E1
2.27000000000000002E9	-3.56355000000000022E1
2.27199999999999980E9	-3.56355000000000022E1
2.27400000000000002E9	-3.56355000000000022E1
2.27599999999999980E9	-3.56355000000000022E1
2.27800000000000002E9	-3.56355000000000022E1
2.28000000000000025E9	-3.56355000000000022E1
2.28200000000000003E9	-3.56355000000000022E1
2.28399999999999981E9	-3.56355000000000022E1
2.28600000000000003E9	-3.56355000000000022E1
2.28800000000000026E9	-3.56355000000000022E1
2.29000000000000004E9	-3.56355000000000022E1
2.29199999999999982E9	-3.56355000000000022E1
2.29400000000000004E9	-3.56355000000000022E1
2.29600000000000026E9	-3.56355000000000022E1
2.29800000000000004E9	-3.56355000000000022E1
2.29999999999999982E9	-3.56355000000000022E1
2.30200000000000005E9	-3.56355000000000022E1
2.30399999999999983E9	-3.56355000000000022E1
2.30600000000000005E9	-3.56355000000000022E1
2.30800000000000027E9	-3.56355000000000022E1
2.31000000000000005E9	-3.56355000000000022E1
2.31199999999999983E9	-3.56355000000000022E1
2.31400000000000006E9	-3.56355000000000022E1
2.31599999999999984E9	-3.56355000000000022E1
2.31800000000000006E9	-3.56355000000000022E1
2.31999999999999984E9	-3.56355000000000022E1
2.32200000000000006E9	-3.56355000000000022E1
2.32400000000000029E9	-3.56355000000000022E1
2.32599999999999962E9	-3.56355000000000022E1
2.32800000000000029E9	-3.56355000000000022E1
2.33000000000000007E9	-3.56355000000000022E1
2.33199999999999985E9	-3.56355000000000022E1
2.33400000000000007E9	-3.56355000000000022E1
2.33599999999999985E9	-3.56355000000000022E1
2.33800000000000008E9	-3.56355000000000022E1
2.33999999999999986E9	-3.56355000000000022E1
2.34199999999999964E9	-3.56355000000000022E1
2.34400000000000031E9	-3.56355000000000022E1
2.34600000000000009E9	-3.56355000000000022E1
2.34799999999999986E9	-3.56355000000000022E1
2.35000000000000009E9	-3.56355000000000022E1
2.35199999999999987E9	-3.56355000000000022E1
2.35400000000000009E9	-3.56355000000000022E1
2.35599999999999987E9	-3.56355000000000022E1
2.35800000000000010E9	-3.56355000000000022E1
2.36000000000000032E9	-3.56355000000000022E1
2.36199999999999966E9	-3.56355000000000022E1
2.36399999999999988E9	-3.56355000000000022E1
2.36600000000000010E9	-3.56355000000000022E1
2.36799999999999988E9	-3.56355000000000022E1
2.37000000000000011E9	-3.56355000000000022E1
2.37199999999999989E9	-3.56355000000000022E1
2.37400000000000011E9	-3.56355000000000022E1
2.37599999999999989E9	-3.56355000000000022E1
2.37800000000000011E9	-3.56355000000000022E1
2.37999999999999989E9	-3.56355000000000022E1
2.38200000000000012E9	-3.56355000000000022E1
2.38399999999999990E9	-3.56355000000000022E1
2.38600000000000012E9	-3.56355000000000022E1
2.38800000000000034E9	-3.56355000000000022E1
2.38999999999999968E9	-3.56355000000000022E1
2.39199999999999990E9	-3.56355000000000022E1
2.39400000000000013E9	-3.56355000000000022E1
2.39599999999999991E9	-3.56355000000000022E1
2.39800000000000013E9	-3.56355000000000022E1
2.39999999999999991E9	-3.56355000000000022E1
2.40200000000000014E9	-3.56355000000000022E1
2.40399999999999991E9	-3.56355000000000022E1
2.40599999999999969E9	-3.56355000000000022E1
2.40800000000000036E9	-3.56355000000000022E1
2.41000000000000014E9	-3.56355000000000022E1
2.41199999999999992E9	-3.56355000000000022E1
2.41400000000000015E9	-3.56355000000000022E1
2.41599999999999993E9	-3.56355000000000022E1
2.41800000000000015E9	-3.56355000000000022E1
2.41999999999999993E9	-3.56355000000000022E1
2.42199999999999971E9	-3.56355000000000022E1
2.42400000000000038E9	-3.56355000000000022E1
2.42599999999999971E9	-3.56355000000000022E1
2.42799999999999994E9	-3.56355000000000022E1
2.43000000000000016E9	-3.56355000000000022E1
2.43199999999999994E9	-3.56355000000000022E1
2.43400000000000016E9	-3.56355000000000022E1
2.43599999999999994E9	-3.56355000000000022E1
2.43800000000000017E9	-3.56355000000000022E1
2.43999999999999995E9	-3.56355000000000022E1
2.44199999999999973E9	-3.56355000000000022E1
2.44399999999999995E9	-3.56355000000000022E1
2.44600000000000017E9	-3.56355000000000022E1
2.44799999999999995E9	-3.56355000000000022E1
2.45000000000000018E9	-3.56355000000000022E1
2.45199999999999996E9	-3.56355000000000022E1
2.45399999999999974E9	-3.56355000000000022E1
2.45599999999999996E9	-3.56355000000000022E1
2.45800000000000018E9	-3.56355000000000022E1
2.45999999999999996E9	-3.56355000000000022E1
2.46199999999999974E9	-3.56355000000000022E1
2.46399999999999997E9	-3.56355000000000022E1
2.46600000000000019E9	-3.56355000000000022E1
2.46799999999999997E9	-3.56355000000000022E1
2.46999999999999975E9	-3.56355000000000022E1
2.47199999999999998E9	-3.56355000000000022E1
2.47400000000000020E9	-3.56355000000000022E1
2.47599999999999998E9	-3.56355000000000022E1
2.47800000000000020E9	-3.56355000000000022E1
2.47999999999999998E9	-3.56355000000000022E1
2.48200000000000021E9	-3.56355000000000022E1
2.48399999999999999E9	-3.56355000000000022E1
2.48599999999999977E9	-3.56355000000000022E1
2.48800000000000043E9	-3.56355000000000022E1
2.48999999999999977E9	-3.56355000000000022E1
2.49199999999999999E9	-3.56355000000000022E1
2.49400000000000022E9	-3.56355000000000022E1
2.49600000000000000E9	-3.56355000000000022E1
2.49800000000000022E9	-3.56355000000000022E1
2.50000000000000000E9	-3.56355000000000022E1
2.50199999999999978E9	-3.54135000000000000E1
2.50400000000000000E9	-3.55061999999999989E1
2.50599999999999978E9	-3.50178999999999974E1
2.50800000000000001E9	-3.51557999999999993E1
2.51000000000000023E9	-3.51312716739358333E1
2.51199999999999957E9	-3.47100263969050227E1
2.51400000000000023E9	-3.49149098422878135E1
2.51600000000000001E9	-3.48113371843834596E1
2.51799999999999979E9	-3.44471626658823293E1
2.52000000000000002E9	-3.46744586262507548E1
2.52199999999999980E9	-3.42895694325694222E1
2.52400000000000002E9	-3.40932512909635355E1
2.52599999999999980E9	-3.38963959999548692E1
2.52800000000000002E9	-3.37930829891350104E1
2.53000000000000025E9	-3.35537139832725950E1
2.53200000000000003E9	-3.34178359628364197E1
2.53399999999999981E9	-3.32050779730394208E1
2.53600000000000003E9	-3.29914869729220950E1
2.53800000000000026E9	-3.28799801171628392E1
2.54000000000000004E9	-3.27444875808716418E1
2.54199999999999982E9	-3.25895626933946403E1
2.54400000000000004E9	-3.26456398208940746E1
2.54600000000000026E9	-3.25444993291636209E1
2.54800000000000004E9	-3.25308800879377724E1
2.54999999999999982E9	-3.24854294934112175E1
2.55200000000000005E9	-3.24396220594262852E1
2.55399999999999983E9	-3.23225755226944056E1
2.55600000000000005E9	-3.21926591109289006E1
2.55800000000000027E9	-3.20369812931966447E1
2.56000000000000005E9	-3.18881654932171532E1
2.56199999999999983E9	-3.17223339960714146E1
2.56399999999999961E9	-3.15932972568021242E1
2.56600000000000028E9	-3.14501549325579166E1
2.56800000000000006E9	-3.13455722987429564E1
2.56999999999999984E9	-3.11883299540847680E1
2.57200000000000006E9	-3.10937958835033434E1
2.57399999999999984E9	-3.08952159998305298E1
2.57600000000000007E9	-3.07406114778023953E1
2.57800000000000029E9	-3.06147807462747190E1
2.58000000000000007E9	-3.04291753055633096E1
2.58199999999999985E9	-3.01690724307606706E1
2.58399999999999963E9	-3.00599034659535924E1
2.58600000000000030E9	-2.97848302979286483E1
2.58800000000000008E9	-2.96552222224024975E1
2.58999999999999986E9	-2.95020302879897844E1
2.59199999999999964E9	-2.93334570066407530E1
2.59399999999999986E9	-2.91072151004274016E1
2.59600000000000009E9	-2.89471246936823912E1
2.59799999999999986E9	-2.87439437114993224E1
2.60000000000000009E9	-2.86202691477814808E1
2.60199999999999987E9	-2.85146502286096615E1
2.60400000000000009E9	-2.83502813443534007E1
2.60600000000000032E9	-2.82700726626231802E1
2.60800000000000010E9	-2.80838845961432115E1
2.61000000000000032E9	-2.79806666397774517E1
2.61199999999999966E9	-2.78357514976673270E1
2.61399999999999988E9	-2.76977696639949045E1
2.61600000000000055E9	-2.76236955813311313E1
2.61799999999999988E9	-2.75389149404177491E1
2.62000000000000011E9	-2.74049201425394706E1
2.62199999999999989E9	-2.73584037519083934E1
2.62399999999999967E9	-2.72335643557377161E1
2.62600000000000033E9	-2.71060706064504942E1
2.62800000000000011E9	-2.69957038515384395E1
2.62999999999999989E9	-2.69142895939236970E1
2.63200000000000012E9	-2.67883915015791718E1
2.63399999999999945E9	-2.66512056505507777E1
2.63600000000000012E9	-2.65337802094399633E1
2.63800000000000034E9	-2.63593515316745597E1
2.63999999999999968E9	-2.62385144192164121E1
2.64199999999999990E9	-2.61100886008503474E1
2.64399999999999968E9	-2.58799470826948275E1
2.64599999999999991E9	-2.57718343829381435E1
2.64800000000000013E9	-2.56378174755352717E1
2.64999999999999991E9	-2.55488366712324133E1
2.65200000000000014E9	-2.54231569931042101E1
2.65399999999999991E9	-2.52885828107920752E1
2.65600000000000014E9	-2.51897439801932599E1
2.65800000000000036E9	-2.49856728086748214E1
2.66000000000000014E9	-2.48801500574937284E1
2.66199999999999992E9	-2.47819111290024852E1
2.66399999999999970E9	-2.46617388136607207E1
2.66600000000000037E9	-2.45673355464593790E1
2.66800000000000015E9	-2.44237998691379010E1
2.66999999999999993E9	-2.43230965167275093E1
2.67199999999999971E9	-2.41850499468998947E1
2.67399999999999993E9	-2.41029677174308876E1
2.67600000000000016E9	-2.40078101713883729E1
2.67799999999999994E9	-2.38768845859773737E1
2.68000000000000016E9	-2.37730240294214568E1
2.68199999999999994E9	-2.36426922438209131E1
2.68399999999999972E9	-2.35195146147746392E1
2.68600000000000039E9	-2.33809892012226950E1
2.68800000000000017E9	-2.32358582905317279E1
2.68999999999999995E9	-2.30578470734885066E1
2.69199999999999973E9	-2.29217793502440870E1
2.69399999999999995E9	-2.27307890461003970E1
2.69600000000000017E9	-2.25558963175603910E1
2.69799999999999995E9	-2.23822945480592450E1
2.70000000000000018E9	-2.22422507403192249E1
2.70199999999999996E9	-2.20462986740774447E1
2.70399999999999974E9	-2.18866350706056423E1
2.70600000000000041E9	-2.16867817799102314E1
2.70800000000000018E9	-2.15109059318157225E1
2.70999999999999996E9	-2.13668284591750135E1
2.71199999999999974E9	-2.11736253285708331E1
2.71399999999999952E9	-2.09586526786330607E1
2.71600000000000019E9	-2.07639349206563217E1
2.71799999999999997E9	-2.05702400375906302E1
2.71999999999999975E9	-2.03788344042369740E1
2.72199999999999998E9	-2.01937877119883202E1
2.72399999999999975E9	-1.99665656486306564E1
2.72599999999999998E9	-1.97822141940289375E1
2.72800000000000020E9	-1.96088047238138197E1
2.72999999999999998E9	-1.94169325403898485E1
2.73200000000000021E9	-1.92433002326038216E1
2.73399999999999954E9	-1.90560175655822728E1
2.73600000000000021E9	-1.88707383997911871E1
2.73800000000000043E9	-1.86671587118146975E1
2.73999999999999977E9	-1.84735727325672272E1
2.74199999999999999E9	-1.82995353194820209E1
2.74399999999999977E9	-1.80830153257837978E1
2.74600000000000000E9	-1.78913201490271057E1
2.74800000000000022E9	-1.76912010750359938E1
2.75000000000000000E9	-1.74972828653526657E1
2.75199999999999978E9	-1.72969377734809449E1
2.75400000000000000E9	-1.70875076121887792E1
2.75600000000000023E9	-1.69129595377491992E1
2.75800000000000001E9	-1.67172974959892562E1
2.76000000000000023E9	-1.64990453866367126E1
2.76199999999999957E9	-1.63330566856987081E1
2.76399999999999979E9	-1.61723715759846276E1
2.76600000000000046E9	-1.59893156892048083E1
2.76799999999999979E9	-1.58128453866367136E1
2.77000000000000002E9	-1.56434580286617941E1
2.77199999999999980E9	-1.54928588409027546E1
2.77400000000000002E9	-1.53555928854339019E1
2.77600000000000025E9	-1.52231921571318773E1
2.77800000000000002E9	-1.50967425875331229E1
2.78000000000000025E9	-1.49659000980235790E1
2.78200000000000003E9	-1.48550927499198515E1
2.78399999999999981E9	-1.47315766332564313E1
2.78600000000000048E9	-1.46033928854339057E1
2.78800000000000026E9	-1.44950091819064086E1
2.79000000000000004E9	-1.43976976820147096E1
2.79199999999999982E9	-1.42796843418746344E1
2.79399999999999959E9	-1.41869544287194516E1
2.79600000000000026E9	-1.40979893558722114E1
2.79800000000000004E9	-1.40153306614571749E1
2.79999999999999982E9	-1.39435090851382193E1
2.80200000000000005E9	-1.38542806701703380E1
2.80399999999999983E9	-1.38025946706590696E1
2.80600000000000005E9	-1.37646976311492675E1
2.80800000000000027E9	-1.37449996977625144E1
2.81000000000000005E9	-1.37271745078209073E1
2.81199999999999983E9	-1.37249000302666735E1
2.81399999999999961E9	-1.37233231578429660E1
2.81600000000000028E9	-1.37302319998747424E1
2.81800000000000006E9	-1.37448150517883683E1
2.81999999999999984E9	-1.37468626969721086E1
2.82200000000000006E9	-1.37573758717274441E1
2.82399999999999984E9	-1.37620742561554166E1
2.82600000000000007E9	-1.37817767926193446E1
2.82800000000000029E9	-1.38200961629661712E1
2.83000000000000007E9	-1.38448330968196864E1
2.83199999999999985E9	-1.38850799162112315E1
2.83399999999999963E9	-1.39064396256627609E1
2.83600000000000030E9	-1.39682717721235061E1
2.83800000000000008E9	-1.40131049301821187E1
2.83999999999999986E9	-1.40724082919016569E1
2.84199999999999964E9	-1.41395846851501150E1
2.84399999999999986E9	-1.42108513302974804E1
2.84600000000000009E9	-1.43199995040897532E1
2.84799999999999986E9	-1.44053566924699572E1
2.85000000000000009E9	-1.45212353019850493E1
2.85199999999999987E9	-1.46330712931651608E1
2.85400000000000009E9	-1.47333726464362380E1
2.85600000000000032E9	-1.48301314735602618E1
2.85800000000000010E9	-1.49058799469472980E1
2.86000000000000032E9	-1.49805639998673734E1
2.86199999999999966E9	-1.50593680298122123E1
2.86399999999999988E9	-1.51208589000699578E1
2.86600000000000055E9	-1.51644420579279005E1
2.86799999999999988E9	-1.52385545653255550E1
2.87000000000000011E9	-1.53011175259575594E1
2.87199999999999989E9	-1.53710095897218824E1
2.87399999999999967E9	-1.54712055644663127E1
2.87600000000000033E9	-1.55615920372827232E1
2.87800000000000011E9	-1.56418543538269739E1
2.87999999999999989E9	-1.57230483161306012E1
2.88200000000000012E9	-1.58237404093040901E1
2.88399999999999945E9	-1.58962745891186130E1
2.88600000000000012E9	-1.59891741258901510E1
2.88800000000000034E9	-1.60548159560576598E1
2.88999999999999968E9	-1.61205157447070069E1
2.89199999999999990E9	-1.61613990018945186E1
2.89399999999999968E9	-1.62347303691939548E1
2.89599999999999991E9	-1.62517398838089688E1
2.89800000000000013E9	-1.62682593981658874E1
2.89999999999999991E9	-1.63028972924511573E1
2.90200000000000014E9	-1.63478568495607024E1
2.90399999999999991E9	-1.63727198992828393E1
2.90600000000000014E9	-1.64063794516358818E1
2.90800000000000036E9	-1.64418194516889105E1
2.91000000000000014E9	-1.64763633667088483E1
2.91199999999999992E9	-1.65153869255957342E1
2.91399999999999970E9	-1.65431538080330109E1
2.91600000000000037E9	-1.65779348130480209E1
2.91800000000000015E9	-1.66145779886416411E1
2.91999999999999993E9	-1.66563304832033277E1
2.92199999999999971E9	-1.66856036558463350E1
2.92399999999999993E9	-1.67359188640950762E1
2.92600000000000016E9	-1.67659777642717533E1
2.92799999999999994E9	-1.68011638786595685E1
2.93000000000000016E9	-1.68247988237238677E1
2.93199999999999994E9	-1.68530999113514968E1
2.93399999999999972E9	-1.68635729763517839E1
2.93600000000000039E9	-1.68902627466542654E1
2.93800000000000017E9	-1.69278037615727373E1
2.93999999999999995E9	-1.69505872441132910E1
2.94199999999999973E9	-1.69595740386444538E1
2.94399999999999995E9	-1.69900918547544744E1
2.94600000000000017E9	-1.70042119249678381E1
2.94799999999999995E9	-1.70046478455347172E1
2.95000000000000018E9	-1.70191294066336729E1
2.95199999999999996E9	-1.70223105072073233E1
2.95399999999999974E9	-1.70246291168648800E1
2.95600000000000041E9	-1.70248376841293547E1
2.95800000000000018E9	-1.70359537206642964E1
2.95999999999999996E9	-1.70568996425181818E1
2.96199999999999974E9	-1.70574111300247866E1
2.96399999999999952E9	-1.70864477935240799E1
2.96600000000000019E9	-1.71091391872582510E1
2.96799999999999997E9	-1.71515809523760820E1
2.96999999999999975E9	-1.71729822405041999E1
2.97199999999999998E9	-1.72045789619161238E1
2.97399999999999975E9	-1.71908110572952388E1
2.97599999999999998E9	-1.72025000000000050E1
2.97800000000000020E9	-1.71944199856318458E1
2.97999999999999998E9	-1.72017075810218278E1
2.98200000000000021E9	-1.71753453703301417E1
2.98399999999999954E9	-1.71944919977011001E1
2.98600000000000021E9	-1.71966519172398691E1
2.98800000000000043E9	-1.71812257240595700E1
2.98999999999999977E9	-1.71936758651433541E1
2.99199999999999999E9	-1.72002995486933297E1
2.99399999999999977E9	-1.72379938929701160E1
2.99600000000000000E9	-1.72703835589771626E1
2.99800000000000022E9	-1.72963306167091924E1
3.00000000000000000E9	-1.73534415021685762E1
3.00199999999999978E9	-1.74018973382119024E1
3.00400000000000000E9	-1.74391848927479631E1
3.00600000000000023E9	-1.74544975678947223E1
3.00800000000000001E9	-1.74850896636996156E1
3.01000000000000023E9	-1.75023948586560429E1
3.01199999999999957E9	-1.75059558873533705E1
3.01399999999999979E9	-1.75405097835748114E1
3.01600000000000046E9	-1.75438701327505098E1
3.01799999999999979E9	-1.75544761999666887E1
3.02000000000000002E9	-1.75625457189598433E1
3.02199999999999980E9	-1.75637987298984721E1
3.02400000000000002E9	-1.75842317584701990E1
3.02600000000000025E9	-1.75888298435966339E1
3.02800000000000002E9	-1.76160562662240539E1
3.03000000000000025E9	-1.76021920179859981E1
3.03200000000000003E9	-1.76144916705449583E1
3.03399999999999981E9	-1.76394726180644379E1
3.03600000000000048E9	-1.76492799593105043E1
3.03800000000000026E9	-1.76399366545620628E1
3.04000000000000004E9	-1.76396645631115656E1
3.04199999999999982E9	-1.76351438146822193E1
3.04399999999999959E9	-1.76445695674463354E1
3.04600000000000026E9	-1.76260959176368459E1
3.04800000000000004E9	-1.76218554142992767E1
3.04999999999999982E9	-1.76330936045334785E1
3.05200000000000005E9	-1.76543876164758795E1
3.05399999999999983E9	-1.76518776857902115E1
3.05600000000000005E9	-1.76397275063346060E1
3.05800000000000027E9	-1.76493858539927340E1
3.06000000000000005E9	-1.76755140397699262E1
3.06199999999999983E9	-1.76870519590081399E1
3.06399999999999961E9	-1.76979755864070620E1
3.06600000000000028E9	-1.77450306622162790E1
3.06800000000000006E9	-1.77578033821670589E1
3.06999999999999984E9	-1.77919096309542302E1
3.07200000000000006E9	-1.77876018652440027E1
3.07399999999999984E9	-1.78033957975163171E1
3.07600000000000007E9	-1.78006635282581271E1
3.07800000000000029E9	-1.77918887760503752E1
3.08000000000000007E9	-1.77882087343736606E1
3.08199999999999985E9	-1.77762826531747686E1
3.08399999999999963E9	-1.77591839994390921E1
3.08600000000000030E9	-1.77389317561270654E1
3.08800000000000008E9	-1.77195410958247601E1
3.08999999999999986E9	-1.76878232081548536E1
3.09199999999999964E9	-1.76699983281821815E1
3.09399999999999986E9	-1.76593983284644596E1
3.09600000000000009E9	-1.76256999965461114E1
3.09799999999999986E9	-1.76086588558577084E1
3.10000000000000009E9	-1.76069065482152531E1
3.10199999999999987E9	-1.75944381411505324E1
3.10400000000000009E9	-1.75824999999999987E1
3.10600000000000032E9	-1.75688579770833897E1
3.10800000000000010E9	-1.75635777362445533E1
3.11000000000000032E9	-1.75501052291014625E1
3.11199999999999966E9	-1.75263037607530769E1
3.11399999999999988E9	-1.74892392481497749E1
3.11600000000000055E9	-1.74614219403151116E1
3.11799999999999988E9	-1.74262294269616502E1
3.12000000000000011E9	-1.74154024175373356E1
3.12199999999999989E9	-1.73834819835895482E1
3.12399999999999967E9	-1.73846732773175749E1
3.12600000000000033E9	-1.73869856190184757E1
3.12800000000000011E9	-1.73937591319535945E1
3.12999999999999989E9	-1.73978529217994682E1
3.13200000000000012E9	-1.73929323625472665E1
3.13399999999999945E9	-1.74301874045860106E1
3.13600000000000012E9	-1.74571115538085730E1
3.13800000000000034E9	-1.74680132493817974E1
3.13999999999999968E9	-1.74743521225113807E1
3.14199999999999990E9	-1.74949479935011309E1
3.14399999999999968E9	-1.75251279298410445E1
3.14599999999999991E9	-1.75507528534542412E1
3.14800000000000013E9	-1.75547031692448097E1
3.14999999999999991E9	-1.75654699441200957E1
3.15200000000000014E9	-1.75659679994832985E1
3.15399999999999991E9	-1.75591492734574284E1
3.15600000000000014E9	-1.75480949755739846E1
3.15800000000000036E9	-1.75468389535666991E1
3.16000000000000014E9	-1.75211933219005944E1
3.16199999999999992E9	-1.75063335776288165E1
3.16399999999999970E9	-1.74777398063040157E1
3.16600000000000037E9	-1.74566919240843132E1
3.16800000000000015E9	-1.74163115744973007E1
3.16999999999999993E9	-1.73889928126063320E1
3.17199999999999971E9	-1.73477272183337528E1
3.17399999999999993E9	-1.73122180453219410E1
3.17600000000000016E9	-1.72967432666531051E1
3.17799999999999994E9	-1.72660398040867058E1
3.18000000000000016E9	-1.72356276347672543E1
3.18199999999999994E9	-1.72248269407513144E1
3.18399999999999972E9	-1.72091097504038970E1
3.18600000000000039E9	-1.71525399498971320E1
3.18800000000000017E9	-1.71202352572507399E1
3.18999999999999995E9	-1.70846382557921284E1
3.19199999999999973E9	-1.70477569814772356E1
3.19399999999999995E9	-1.69976990206904377E1
3.19600000000000017E9	-1.69630759061375613E1
3.19799999999999995E9	-1.69110797659494483E1
3.20000000000000018E9	-1.68703299563589826E1
3.20199999999999951E9	-1.68260692456437400E1
3.20399999999999974E9	-1.67792250136880794E1
3.20600000000000041E9	-1.67458299998791160E1
3.20799999999999974E9	-1.67055886157521383E1
3.20999999999999996E9	-1.66923874315957721E1
3.21199999999999974E9	-1.66529910290997729E1
3.21399999999999997E9	-1.66297525257165324E1
3.21600000000000019E9	-1.66097488012220795E1
3.21799999999999997E9	-1.65962198143320760E1
3.22000000000000020E9	-1.65673318884698384E1
3.22199999999999998E9	-1.65234988396930982E1
3.22399999999999931E9	-1.64866419375912931E1
3.22600000000000042E9	-1.64372693532628356E1
3.22800000000000020E9	-1.63922508127883804E1
3.22999999999999954E9	-1.63181622279455252E1
3.23200000000000021E9	-1.62673499307753455E1
3.23399999999999954E9	-1.62182029791074878E1
3.23599999999999977E9	-1.61566719131641134E1
3.23800000000000043E9	-1.61059839716460540E1
3.23999999999999977E9	-1.60645769577262021E1
3.24199999999999999E9	-1.60086871424574118E1
3.24399999999999977E9	-1.59719382374616958E1
3.24600000000000000E9	-1.59186274257733418E1
3.24800000000000022E9	-1.58743325094214760E1
3.25000000000000000E9	-1.58026080893810916E1
3.25199999999999978E9	-1.57568436707634452E1
3.25400000000000000E9	-1.57112239290251154E1
3.25600000000000023E9	-1.56815078856497792E1
3.25800000000000001E9	-1.56548842875627914E1
3.26000000000000023E9	-1.56162811076369512E1
3.26199999999999957E9	-1.56021119848799406E1
3.26400000000000023E9	-1.55637264375920537E1
3.26600000000000046E9	-1.55656439620943288E1
3.26799999999999979E9	-1.55517196824162740E1
3.27000000000000046E9	-1.55518033284816815E1
3.27199999999999980E9	-1.55427515659711357E1
3.27399999999999958E9	-1.55582154878405765E1
3.27600000000000069E9	-1.55326819643386393E1
3.27800000000000002E9	-1.55251739714533654E1
3.27999999999999980E9	-1.55229927267016965E1
3.28200000000000003E9	-1.54835756677424730E1
3.28399999999999981E9	-1.54807603557313289E1
3.28600000000000003E9	-1.54799979919989017E1
3.28800000000000026E9	-1.54817061724144733E1
3.29000000000000004E9	-1.54746058744650372E1
3.29200000000000026E9	-1.54785193189381176E1
3.29399999999999959E9	-1.54749591156385113E1
3.29600000000000026E9	-1.54677366062011190E1
3.29800000000000049E9	-1.54700799888552032E1
3.29999999999999982E9	-1.54541779559138504E1
3.30199999999999960E9	-1.54481195614260280E1
3.30399999999999983E9	-1.54611796572350957E1
3.30600000000000005E9	-1.54427598738996985E1
3.30799999999999983E9	-1.54557592035682423E1
3.31000000000000005E9	-1.54349046398728396E1
3.31199999999999983E9	-1.54238096577390582E1
3.31400000000000006E9	-1.54020468954806034E1
3.31600000000000028E9	-1.53919779285390179E1
3.31800000000000006E9	-1.53839701697974296E1
3.32000000000000028E9	-1.53547567964534259E1
3.32200000000000006E9	-1.53582630938546782E1
3.32399999999999940E9	-1.53391742600069581E1
3.32600000000000051E9	-1.53229692478915180E1
3.32800000000000029E9	-1.53205121833036517E1
3.32999999999999963E9	-1.52964823528575167E1
3.33199999999999985E9	-1.52828087331824758E1
3.33399999999999963E9	-1.52337930867465343E1
3.33599999999999985E9	-1.52077486069767454E1
3.33800000000000008E9	-1.51955385894921968E1
3.33999999999999986E9	-1.51719956315900539E1
3.34200000000000008E9	-1.51650460195376935E1
3.34399999999999986E9	-1.51482303047017330E1
3.34600000000000009E9	-1.51271262957355912E1
3.34800000000000031E9	-1.51129308291410491E1
3.35000000000000009E9	-1.50736450611929063E1
3.35199999999999942E9	-1.50594079664570590E1
3.35400000000000009E9	-1.50408159975048794E1
3.35600000000000032E9	-1.50268413477080021E1
3.35799999999999965E9	-1.50242998267544081E1
3.36000000000000032E9	-1.50190386410413312E1
3.36199999999999966E9	-1.50079476794604605E1
3.36399999999999988E9	-1.50071699814393855E1
3.36600000000000055E9	-1.49917059417168042E1
3.36799999999999988E9	-1.49715849997431216E1
3.37000000000000011E9	-1.49373815634751028E1
3.37199999999999989E9	-1.48566471096851416E1
3.37399999999999967E9	-1.47923244746279980E1
3.37600000000000033E9	-1.47148036955287065E1
3.37800000000000011E9	-1.46448839803035735E1
3.37999999999999989E9	-1.45977336189128581E1
3.38200000000000012E9	-1.45371480752791160E1
3.38399999999999945E9	-1.44855407984638962E1
3.38600000000000012E9	-1.44099594512340468E1
3.38800000000000034E9	-1.43498999620101175E1
3.38999999999999968E9	-1.43136568431251865E1
3.39200000000000035E9	-1.42758198806163983E1
3.39399999999999968E9	-1.42466889695559051E1
3.39599999999999991E9	-1.41823285543810895E1
3.39800000000000058E9	-1.41452290272034764E1
3.39999999999999991E9	-1.41020888181742765E1
3.40199999999999969E9	-1.40630669384964757E1
3.40399999999999991E9	-1.40085956390522548E1
3.40600000000000014E9	-1.39527696079687269E1
3.40799999999999992E9	-1.38851599867377629E1
3.41000000000000014E9	-1.38277546078762437E1
3.41199999999999992E9	-1.37869357080517352E1
3.41400000000000015E9	-1.37404791692208450E1
3.41600000000000037E9	-1.36894657765616157E1
3.41800000000000015E9	-1.36652432614733343E1
3.42000000000000037E9	-1.36273223547125655E1
3.42199999999999971E9	-1.35997073276456670E1
3.42399999999999949E9	-1.35780452256894746E1
3.42600000000000060E9	-1.35560358098530687E1
3.42799999999999994E9	-1.35584770221947659E1
3.42999999999999972E9	-1.35141231214845270E1
3.43199999999999994E9	-1.34928498173299549E1
3.43399999999999972E9	-1.34562502204179846E1
3.43599999999999994E9	-1.33990816554435987E1
3.43800000000000017E9	-1.33744151262985667E1
3.43999999999999995E9	-1.33203899926954206E1
3.44200000000000017E9	-1.32927926874322067E1
3.44399999999999995E9	-1.32645338791674505E1
3.44600000000000017E9	-1.32510839936368763E1
3.44800000000000040E9	-1.32428259856833086E1
3.45000000000000018E9	-1.32257235007261276E1
3.45199999999999951E9	-1.32056199911574512E1
3.45399999999999974E9	-1.32056198916596235E1
3.45600000000000041E9	-1.31814272682703315E1
3.45799999999999974E9	-1.31938078821730653E1
3.45999999999999996E9	-1.31663039872665477E1
3.46199999999999974E9	-1.31552475788306933E1
3.46399999999999997E9	-1.31236159902510519E1
3.46600000000000019E9	-1.31241547678237080E1
3.46799999999999997E9	-1.30811159355546414E1
3.47000000000000020E9	-1.30400880227937144E1
3.47199999999999998E9	-1.30292451334081405E1
3.47399999999999931E9	-1.29887454181289530E1
3.47600000000000042E9	-1.29433279165269499E1
3.47800000000000020E9	-1.29073839620369979E1
3.47999999999999954E9	-1.28641276093972445E1
3.48200000000000021E9	-1.28178099658768474E1
3.48399999999999954E9	-1.28097958825710112E1
3.48599999999999977E9	-1.27829815067821384E1
3.48800000000000043E9	-1.27446539940309633E1
3.48999999999999977E9	-1.27434352160127196E1
3.49199999999999999E9	-1.27310999999999996E1
3.49399999999999977E9	-1.26922000000000001E1
3.49600000000000000E9	-1.26761999999999997E1
3.49800000000000022E9	-1.26690000000000036E1
3.50000000000000000E9	-1.26615999999999995E1


freq	dB(S(3,4))
2.00000000000000000E9	-3.09375511655949298E1
2.00199999999999978E9	-3.09420348567967318E1
2.00400000000000000E9	-3.09465922134512272E1
2.00599999999999978E9	-3.09512236747864433E1
2.00800000000000001E9	-3.09559296841709575E1
2.01000000000000023E9	-3.09607106891453343E1
2.01199999999999957E9	-3.09655671414532963E1
2.01400000000000023E9	-3.09704994970725389E1
2.01600000000000001E9	-3.09755082162454309E1
2.01799999999999979E9	-3.09805937635090967E1
2.02000000000000002E9	-3.09857566077256052E1
2.02199999999999980E9	-3.09909972221111873E1
2.02400000000000002E9	-3.09963160842655494E1
2.02599999999999980E9	-3.10017136762003620E1
2.02800000000000002E9	-3.10071904843674329E1
2.03000000000000025E9	-3.10127469996861693E1
2.03200000000000003E9	-3.10183837175706589E1
2.03399999999999981E9	-3.10241011379560661E1
2.03600000000000003E9	-3.10298997653240383E1
2.03800000000000026E9	-3.10357801087279261E1
2.04000000000000004E9	-3.10417426818167108E1
2.04199999999999982E9	-3.10477880028584030E1
2.04400000000000004E9	-3.10539165947624740E1
2.04600000000000026E9	-3.10601289851012830E1
2.04800000000000004E9	-3.10664257061305138E1
2.04999999999999982E9	-3.10728072948085243E1
2.05200000000000005E9	-3.10792742928146337E1
2.05399999999999983E9	-3.10858272465660868E1
2.05600000000000005E9	-3.10924667072337524E1
2.05800000000000027E9	-3.10991932307564101E1
2.06000000000000005E9	-3.11060073778537927E1
2.06199999999999983E9	-3.11129097140377464E1
2.06400000000000006E9	-3.11199008096220586E1
2.06599999999999984E9	-3.11269812397304468E1
2.06800000000000006E9	-3.11341515843027095E1
2.06999999999999984E9	-3.11414124280990690E1
2.07200000000000006E9	-3.11487643607023124E1
2.07400000000000029E9	-3.11562079765179512E1
2.07599999999999962E9	-3.11637438747720497E1
2.07800000000000029E9	-3.11713726595067753E1
2.08000000000000007E9	-3.11790949395732886E1
2.08199999999999985E9	-3.11869113286220623E1
2.08400000000000007E9	-3.11948224450906109E1
2.08599999999999985E9	-3.12028289121879121E1
2.08800000000000008E9	-3.12109313578761638E1
2.08999999999999986E9	-3.12191304148490500E1
2.09199999999999964E9	-3.12274267205067524E1
2.09400000000000031E9	-3.12358209169271861E1
2.09600000000000009E9	-3.12443136508338437E1
2.09799999999999986E9	-3.12529055735592376E1
2.10000000000000009E9	-3.12615973410047232E1
2.10199999999999987E9	-3.12703896135954595E1
2.10400000000000009E9	-3.12792830562311952E1
2.10599999999999987E9	-3.12882783382320762E1
2.10800000000000010E9	-3.12973761332794798E1
2.11000000000000032E9	-3.13065771193515241E1
2.11199999999999966E9	-3.13158819786532261E1
2.11399999999999988E9	-3.13252913975405978E1
2.11600000000000010E9	-3.13348060664387651E1
2.11799999999999988E9	-3.13444266797539006E1
2.12000000000000011E9	-3.13541539357781618E1
2.12199999999999989E9	-3.13639885365878124E1
2.12400000000000011E9	-3.13739311879339411E1
2.12599999999999989E9	-3.13839825991255816E1
2.12800000000000011E9	-3.13941434829045685E1
2.12999999999999989E9	-3.14044145553120835E1
2.13200000000000012E9	-3.14147965355464676E1
2.13399999999999990E9	-3.14252901458115241E1
2.13600000000000012E9	-3.14358961111552748E1
2.13800000000000034E9	-3.14466151592985010E1
2.13999999999999968E9	-3.14574480204526363E1
2.14199999999999990E9	-3.14683954271266852E1
2.14400000000000013E9	-3.14794581139220897E1
2.14599999999999991E9	-3.14906368173159779E1
2.14800000000000013E9	-3.15019322754309350E1
2.14999999999999991E9	-3.15133452277920245E1
2.15200000000000014E9	-3.15248764150694161E1
2.15399999999999991E9	-3.15365265788067006E1
2.15599999999999969E9	-3.15482964611333694E1
2.15800000000000036E9	-3.15601868044618739E1
2.16000000000000014E9	-3.15721983511674331E1
2.16199999999999992E9	-3.15843318432505260E1
2.16400000000000015E9	-3.15965880219809359E1
2.16599999999999993E9	-3.16089676275226150E1
2.16800000000000015E9	-3.16214713985384632E1
2.16999999999999993E9	-3.16341000717739584E1
2.17199999999999971E9	-3.16468543816190717E1
2.17400000000000038E9	-3.16597350596469163E1
2.17599999999999971E9	-3.16727428341283757E1
2.17799999999999994E9	-3.16858784295218943E1
2.18000000000000016E9	-3.16991425659364667E1
2.18199999999999994E9	-3.17125359585675914E1
2.18400000000000016E9	-3.17260593171041183E1
2.18599999999999994E9	-3.17397133451052005E1
2.18800000000000017E9	-3.17534987393457957E1
2.18999999999999995E9	-3.17674161891292961E1
2.19199999999999973E9	-3.17814663755655991E1
2.19399999999999995E9	-3.17956499708136509E1
2.19600000000000017E9	-3.18099676372858831E1
2.19799999999999995E9	-3.18244200268140087E1
2.20000000000000018E9	-3.18390077797732207E1
2.20199999999999996E9	-3.18537315241637220E1
2.20399999999999974E9	-3.18685918746476471E1
2.20599999999999996E9	-3.18835894315386215E1
2.20800000000000018E9	-3.18987247797427553E1
2.20999999999999996E9	-3.19139984876484073E1
2.21199999999999974E9	-3.19294111059621732E1
2.21399999999999997E9	-3.19449631664893730E1
2.21600000000000019E9	-3.19606551808559924E1
2.21799999999999997E9	-3.19764876391695330E1
2.21999999999999975E9	-3.19924610086162575E1
2.22199999999999998E9	-3.20085757319918773E1
2.22400000000000020E9	-3.20248322261625606E1
2.22599999999999998E9	-3.20412308804535684E1
2.22800000000000020E9	-3.20577720549617728E1
2.22999999999999998E9	-3.20744560787891064E1
2.23200000000000021E9	-3.20912832481932764E1
2.23399999999999999E9	-3.21082538246521665E1
2.23599999999999977E9	-3.21253680328381197E1
2.23800000000000043E9	-3.21426260584978341E1
2.23999999999999977E9	-3.21600280462345456E1
2.24199999999999999E9	-3.21775740971872093E1
2.24400000000000022E9	-3.21952642666029609E1
2.24600000000000000E9	-3.22130985612981835E1
2.24800000000000022E9	-3.22310769370025696E1
2.25000000000000000E9	-3.22491992955824802E1
2.25199999999999978E9	-3.22674654821371965E1
2.25400000000000000E9	-3.22858752819632944E1
2.25599999999999978E9	-3.23044284173814678E1
2.25800000000000001E9	-3.23231245444197857E1
2.26000000000000023E9	-3.23419632493475850E1
2.26199999999999957E9	-3.23609440450536656E1
2.26400000000000023E9	-3.23800663672621081E1
2.26600000000000001E9	-3.23993295705794537E1
2.26799999999999979E9	-3.24187329243658828E1
2.27000000000000002E9	-3.24382756084235169E1
2.27199999999999980E9	-3.24579567084942866E1
2.27400000000000002E9	-3.24777752115598872E1
2.27599999999999980E9	-3.24977300009357828E1
2.27800000000000002E9	-3.25178198511511685E1
2.28000000000000025E9	-3.25380434226068393E1
2.28200000000000003E9	-3.25583992560019775E1
2.28399999999999981E9	-3.25788857665213616E1
2.28600000000000003E9	-3.25995012377737714E1
2.28800000000000026E9	-3.26202438154727892E1
2.29000000000000004E9	-3.26411115008496600E1
2.29199999999999982E9	-3.26621021437897818E1
2.29400000000000004E9	-3.26832134356821324E1
2.29600000000000026E9	-3.27044429019718885E1
2.29800000000000004E9	-3.27257878944062686E1
2.29999999999999982E9	-3.27472455829634734E1
2.30200000000000005E9	-3.27688129474540357E1
2.30399999999999983E9	-3.27904867687846302E1
2.30600000000000005E9	-3.28122636198735984E1
2.30800000000000027E9	-3.28341398562082087E1
2.31000000000000005E9	-3.28561116060331315E1
2.31199999999999983E9	-3.28781747601597507E1
2.31400000000000006E9	-3.29003249613869286E1
2.31599999999999984E9	-3.29225575935229120E1
2.31800000000000006E9	-3.29448677699990800E1
2.31999999999999984E9	-3.29672503220666702E1
2.32200000000000006E9	-3.29896997865676500E1
2.32400000000000029E9	-3.30122103932723698E1
2.32599999999999962E9	-3.30347760517757072E1
2.32800000000000029E9	-3.30573903379463285E1
2.33000000000000007E9	-3.30800464799229488E1
2.33199999999999985E9	-3.31027373436533034E1
2.33400000000000007E9	-3.31254554179729732E1
2.33599999999999985E9	-3.31481927992218939E1
2.33800000000000008E9	-3.31709411753988359E1
2.33999999999999986E9	-3.31936918098553457E1
2.34199999999999964E9	-3.32164355245331544E1
2.34400000000000031E9	-3.32391626827506448E1
2.34600000000000009E9	-3.32618631715476543E1
2.34799999999999986E9	-3.32845263835990313E1
2.35000000000000009E9	-3.33071411987121024E1
2.35199999999999987E9	-3.33296959649257563E1
2.35400000000000009E9	-3.33521784792324283E1
2.35599999999999987E9	-3.33745759679488874E1
2.35800000000000010E9	-3.33968750667655900E1
2.36000000000000032E9	-3.34190618005100415E1
2.36199999999999966E9	-3.34411215626633540E1
2.36399999999999988E9	-3.34630390946768852E1
2.36600000000000010E9	-3.34847984651395247E1
2.36799999999999988E9	-3.35063830488549153E1
2.37000000000000011E9	-3.35277755058932669E1
2.37199999999999989E9	-3.35489577606905431E1
2.37400000000000011E9	-3.35699109812758056E1
2.37599999999999989E9	-3.35906155587150135E1
2.37800000000000011E9	-3.36110510868694590E1
2.37999999999999989E9	-3.36311963425750315E1
2.38200000000000012E9	-3.36510292663590160E1
2.38399999999999990E9	-3.36705269438210042E1
2.38600000000000012E9	-3.36896655878135354E1
2.38800000000000034E9	-3.37084205215710853E1
2.38999999999999968E9	-3.37267661629438376E1
2.39199999999999990E9	-3.37446760099064358E1
2.39400000000000013E9	-3.37621226275206476E1
2.39599999999999991E9	-3.37790776365431133E1
2.39800000000000013E9	-3.37955117038791863E1
2.39999999999999991E9	-3.38113945350955092E1
2.40200000000000014E9	-3.38266948692116776E1
2.40399999999999991E9	-3.38413804760032999E1
2.40599999999999969E9	-3.38554181560546397E1
2.40800000000000036E9	-3.38687737438078917E1
2.41000000000000014E9	-3.38814121138615842E1
2.41199999999999992E9	-3.38932971907747449E1
2.41400000000000015E9	-3.39043919626366508E1
2.41599999999999993E9	-3.39146584986620070E1
2.41800000000000015E9	-3.39240579710693968E1
2.41999999999999993E9	-3.39325506814973910E1
2.42199999999999971E9	-3.39400960922028494E1
2.42400000000000038E9	-3.39466528622780439E1
2.42599999999999971E9	-3.39521788891062481E1
2.42799999999999994E9	-3.39566313552589483E1
2.43000000000000016E9	-3.39599667810144945E1
2.43199999999999994E9	-3.39621410826522929E1
2.43400000000000016E9	-3.39631096366453855E1
2.43599999999999994E9	-3.39628273498379230E1
2.43800000000000017E9	-3.39612487356559933E1
2.43999999999999995E9	-3.39583279963530549E1
2.44199999999999973E9	-3.39540191112440315E1
2.44399999999999995E9	-3.39482759308281867E1
2.44600000000000017E9	-3.39410522766430045E1
2.44799999999999995E9	-3.39323020466310377E1
2.45000000000000018E9	-3.39219793257379143E1
2.45199999999999996E9	-3.39100385013924299E1
2.45399999999999974E9	-3.38964343834532311E1
2.45599999999999996E9	-3.38811223281361951E1
2.45800000000000018E9	-3.38640583653693472E1
2.45999999999999996E9	-3.38451993289543518E1
2.46199999999999974E9	-3.38245029888492743E1
2.46399999999999997E9	-3.38019281848245701E1
2.46600000000000019E9	-3.37774349606905044E1
2.46799999999999997E9	-3.37509846982407158E1
2.46999999999999975E9	-3.37225402500166371E1
2.47199999999999998E9	-3.36920660699605756E1
2.47400000000000020E9	-3.36595283410027246E1
2.47599999999999998E9	-3.36248950986108053E1
2.47800000000000020E9	-3.35881363493309015E1
2.47999999999999998E9	-3.35492241833551486E1
2.48200000000000021E9	-3.35081328801761646E1
2.48399999999999999E9	-3.34648390064209034E1
2.48599999999999977E9	-3.34193215050064207E1
2.48800000000000043E9	-3.33715617748186233E1
2.48999999999999977E9	-3.33215437401880754E1
2.49199999999999999E9	-3.32692539095203177E1
2.49400000000000022E9	-3.32146814225309361E1
2.49600000000000000E9	-3.31578180856386329E1
2.49800000000000022E9	-3.30986583951779689E1
2.50000000000000000E9	-3.30371995482090863E1
2.50199999999999978E9	-3.29734414408195908E1
2.50400000000000000E9	-3.29073866539348447E1
2.50599999999999978E9	-3.28390404267715397E1
2.50800000000000001E9	-3.27684106181897317E1
2.51000000000000023E9	-3.26955076563090907E1
2.51199999999999957E9	-3.26203444768658546E1
2.51400000000000023E9	-3.25429364508856711E1
2.51600000000000001E9	-3.24633013023385564E1
2.51799999999999979E9	-3.23814590165244720E1
2.52000000000000002E9	-3.22974317400060240E1
2.52199999999999980E9	-3.22112436729632545E1
2.52400000000000002E9	-3.21229209548897510E1
2.52599999999999980E9	-3.20324915445818714E1
2.52800000000000002E9	-3.19399850953917852E1
2.53000000000000025E9	-3.18454328267216669E1
2.53200000000000003E9	-3.17488673927317011E1
2.53399999999999981E9	-3.16503227492171568E1
2.53600000000000003E9	-3.15498340195840221E1
2.53800000000000026E9	-3.14474373608153446E1
2.54000000000000004E9	-3.13431698302766204E1
2.54199999999999982E9	-3.12370692541565909E1
2.54400000000000004E9	-3.11291740982829790E1
2.54600000000000026E9	-3.10195233419901806E1
2.54800000000000004E9	-3.09081563556518990E1
2.54999999999999982E9	-3.07951127824229509E1
2.55200000000000005E9	-3.06804324246676474E1
2.55399999999999983E9	-3.05641551354837882E1
2.55600000000000005E9	-3.04463207156631821E1
2.55800000000000027E9	-3.03269688163660156E1
2.56000000000000005E9	-3.02061388477225412E1
2.56199999999999983E9	-3.00838698935164262E1
2.56399999999999961E9	-2.99602006320489478E1
2.56600000000000028E9	-2.98351692632307586E1
2.56800000000000006E9	-2.97088134419011185E1
2.56999999999999984E9	-2.95811702173319757E1
2.57200000000000006E9	-2.94522759788355470E1
2.57399999999999984E9	-2.93221664073615873E1
2.57600000000000007E9	-2.91908764329404846E1
2.57800000000000029E9	-2.90584401978050977E1
2.58000000000000007E9	-2.89248910250036140E1
2.58199999999999985E9	-2.87902613922997030E1
2.58399999999999963E9	-2.86545829111441241E1
2.58600000000000030E9	-2.85178863104937852E1
2.58800000000000008E9	-2.83802014252485257E1
2.58999999999999986E9	-2.82415571890735695E1
2.59199999999999964E9	-2.81019816313767068E1
2.59399999999999986E9	-2.79615018782117675E1
2.59600000000000009E9	-2.78201441568843055E1
2.59799999999999986E9	-2.76779338040439926E1
2.60000000000000009E9	-2.75348952770555178E1
2.60199999999999987E9	-2.73910521684494812E1
2.60400000000000009E9	-2.72464272232676574E1
2.60600000000000032E9	-2.71010423591269500E1
2.60800000000000010E9	-2.69549186888408165E1
2.61000000000000032E9	-2.68080765454495529E1
2.61199999999999966E9	-2.66605355095253804E1
2.61399999999999988E9	-2.65123144386319298E1
2.61600000000000055E9	-2.63634314988330054E1
2.61799999999999988E9	-2.62139041981589926E1
2.62000000000000011E9	-2.60637494219555110E1
2.62199999999999989E9	-2.59129834700519002E1
2.62399999999999967E9	-2.57616220957025810E1
2.62600000000000033E9	-2.56096805462685939E1
2.62800000000000011E9	-2.54571736056205866E1
2.62999999999999989E9	-2.53041156382580379E1
2.63200000000000012E9	-2.51505206351543587E1
2.63399999999999945E9	-2.49964022613491110E1
2.63600000000000012E9	-2.48417739053233211E1
2.63800000000000034E9	-2.46866487302052295E1
2.63999999999999968E9	-2.45310397268666325E1
2.64199999999999990E9	-2.43749597689818653E1
2.64399999999999968E9	-2.42184216701327060E1
2.64599999999999991E9	-2.40614382430530105E1
2.64800000000000013E9	-2.39040223611181757E1
2.64999999999999991E9	-2.37461870221931859E1
2.65200000000000014E9	-2.35879454149623902E1
2.65399999999999991E9	-2.34293109878724071E1
2.65600000000000014E9	-2.32702975208270546E1
2.65800000000000036E9	-2.31109191997782393E1
2.66000000000000014E9	-2.29511906943636257E1
2.66199999999999992E9	-2.27911272387430675E1
2.66399999999999970E9	-2.26307447157902031E1
2.66600000000000037E9	-2.24700597447935069E1
2.66800000000000015E9	-2.23090897728200410E1
2.66999999999999993E9	-2.21478531698903502E1
2.67199999999999971E9	-2.19863693281049422E1
2.67399999999999993E9	-2.18246587648519741E1
2.67600000000000016E9	-2.16627432302114054E1
2.67799999999999994E9	-2.15006458186511207E1
2.68000000000000016E9	-2.13383910850865277E1
2.68199999999999994E9	-2.11760051653461323E1
2.68399999999999972E9	-2.10135159010487316E1
2.68600000000000039E9	-2.08509529688548101E1
2.68800000000000017E9	-2.06883480140047604E1
2.68999999999999995E9	-2.05257347879949670E1
2.69199999999999973E9	-2.03631492901751798E1
2.69399999999999995E9	-2.02006299129691191E1
2.69600000000000017E9	-2.00382175903289816E1
2.69799999999999995E9	-1.98759559489306659E1
2.70000000000000018E9	-1.97138914614984229E1
2.70199999999999996E9	-1.95520736015161423E1
2.70399999999999974E9	-1.93905549984359604E1
2.70600000000000041E9	-1.92293915923323810E1
2.70800000000000018E9	-1.90686427867740482E1
2.70999999999999996E9	-1.89083715984897327E1
2.71199999999999974E9	-1.87486448022003249E1
2.71399999999999952E9	-1.85895330687650717E1
2.71600000000000019E9	-1.84311110945557854E1
2.71799999999999997E9	-1.82734577197307213E1
2.71999999999999975E9	-1.81166560328291659E1
2.72199999999999998E9	-1.79607934588539075E1
2.72399999999999975E9	-1.78059618277624376E1
2.72599999999999998E9	-1.76522574200456073E1
2.72800000000000020E9	-1.74997809858548981E1
2.72999999999999998E9	-1.73486377339414988E1
2.73200000000000021E9	-1.71989372865194090E1
2.73399999999999954E9	-1.70507935960549206E1
2.73600000000000021E9	-1.69043248199455465E1
2.73800000000000043E9	-1.67596531490860601E1
2.73999999999999977E9	-1.66169045864466480E1
2.74199999999999999E9	-1.64762086720235956E1
2.74399999999999977E9	-1.63376981508786345E1
2.74600000000000000E9	-1.62015085814747972E1
2.74800000000000022E9	-1.60677778821514616E1
2.75000000000000000E9	-1.59366458143701273E1
2.75199999999999978E9	-1.58082534023074461E1
2.75400000000000000E9	-1.56827422894698931E1
2.75600000000000023E9	-1.55602540342481488E1
2.75800000000000001E9	-1.54409293477006959E1
2.76000000000000023E9	-1.53249072783343565E1
2.76199999999999957E9	-1.52123243501969330E1
2.76399999999999979E9	-1.51033136621770647E1
2.76600000000000046E9	-1.49980039579664259E1
2.76799999999999979E9	-1.48965186776275105E1
2.77000000000000002E9	-1.47989750030596379E1
2.77199999999999980E9	-1.47054829108123042E1
2.77400000000000002E9	-1.46161442465898017E1
2.77600000000000025E9	-1.45310518363673125E1
2.77800000000000002E9	-1.44502886492520211E1
2.78000000000000025E9	-1.43739270270257657E1
2.78200000000000003E9	-1.43020279946836881E1
2.78399999999999981E9	-1.42346406652231039E1
2.78600000000000048E9	-1.41718017504554150E1
2.78800000000000026E9	-1.41135351877426918E1
2.79000000000000004E9	-1.40598518903519465E1
2.79199999999999982E9	-1.40107496266433174E1
2.79399999999999959E9	-1.39662130306460996E1
2.79600000000000026E9	-1.39262137438254285E1
2.79800000000000004E9	-1.38907106850958084E1
2.79999999999999982E9	-1.38596504434973844E1
2.80200000000000005E9	-1.38329677855091560E1
2.80399999999999983E9	-1.38105862668077473E1
2.80600000000000005E9	-1.37924189364647409E1
2.80800000000000027E9	-1.37783691201519010E1
2.81000000000000005E9	-1.37683312679285597E1
2.81199999999999983E9	-1.37621918516234487E1
2.81399999999999961E9	-1.37598302966902875E1
2.81600000000000028E9	-1.37611199336819090E1
2.81800000000000006E9	-1.37659289551168640E1
2.81999999999999984E9	-1.37741213644467853E1
2.82200000000000006E9	-1.37855579050210819E1
2.82399999999999984E9	-1.38000969583208999E1
2.82600000000000007E9	-1.38175954022344061E1
2.82800000000000029E9	-1.38379094217135279E1
2.83000000000000007E9	-1.38608952657285855E1
2.83199999999999985E9	-1.38864099459799073E1
2.83399999999999963E9	-1.39143118742871041E1
2.83600000000000030E9	-1.39444614369337239E1
2.83800000000000008E9	-1.39767215054666938E1
2.83999999999999986E9	-1.40109578845273464E1
2.84199999999999964E9	-1.40470396982132884E1
2.84399999999999986E9	-1.40848397172352269E1
2.84600000000000009E9	-1.41242346297496058E1
2.84799999999999986E9	-1.41651052592160132E1
2.85000000000000009E9	-1.42073367329689471E1
2.85199999999999987E9	-1.42508186054099295E1
2.85400000000000009E9	-1.42954449398411554E1
2.85600000000000032E9	-1.43411143529850338E1
2.85800000000000010E9	-1.43877300261808272E1
2.86000000000000032E9	-1.44351996871385890E1
2.86199999999999966E9	-1.44834355659661584E1
2.86399999999999988E9	-1.45323543289895118E1
2.86600000000000055E9	-1.45818769936600590E1
2.86799999999999988E9	-1.46319288276047055E1
2.87000000000000011E9	-1.46824392346213894E1
2.87199999999999989E9	-1.47333416301742615E1
2.87399999999999967E9	-1.47845733086904940E1
2.87600000000000033E9	-1.48360753047195471E1
2.87800000000000011E9	-1.48877922497846304E1
2.87999999999999989E9	-1.49396722265335669E1
2.88200000000000012E9	-1.49916666215942684E1
2.88399999999999945E9	-1.50437299783459899E1
2.88600000000000012E9	-1.50958198506449093E1
2.88800000000000034E9	-1.51478966583815122E1
2.88999999999999968E9	-1.51999235456030890E1
2.89199999999999990E9	-1.52518662418055473E1
2.89399999999999968E9	-1.53036929268824284E1
2.89599999999999991E9	-1.53553741001167943E1
2.89800000000000013E9	-1.54068824535113036E1
2.89999999999999991E9	-1.54581927496737959E1
2.90200000000000014E9	-1.55092817044057862E1
2.90399999999999991E9	-1.55601278740846416E1
2.90600000000000014E9	-1.56107115478772784E1
2.90800000000000036E9	-1.56610146447831466E1
2.91000000000000014E9	-1.57110206154663468E1
2.91199999999999992E9	-1.57607143488087309E1
2.91399999999999970E9	-1.58100820830904754E1
2.91600000000000037E9	-1.58591113216857127E1
2.91800000000000015E9	-1.59077907531448015E1
2.91999999999999993E9	-1.59561101755234303E1
2.92199999999999971E9	-1.60040604248096296E1
2.92399999999999993E9	-1.60516333072941864E1
2.92600000000000016E9	-1.60988215357249942E1
2.92799999999999994E9	-1.61456186690855330E1
2.93000000000000016E9	-1.61920190558355270E1
2.93199999999999994E9	-1.62380177804541903E1
2.93399999999999972E9	-1.62836106131280056E1
2.93600000000000039E9	-1.63287939624280054E1
2.93800000000000017E9	-1.63735648308248338E1
2.93999999999999995E9	-1.64179207728954735E1
2.94199999999999973E9	-1.64618598560779139E1
2.94399999999999995E9	-1.65053806238375023E1
2.94600000000000017E9	-1.65484820611120820E1
2.94799999999999995E9	-1.65911635619095366E1
2.95000000000000018E9	-1.66334248989359024E1
2.95199999999999996E9	-1.66752661951388137E1
2.95399999999999974E9	-1.67166878970542987E1
2.95600000000000041E9	-1.67576907498536865E1
2.95800000000000018E9	-1.67982757739886912E1
2.95999999999999996E9	-1.68384442433411374E1
2.96199999999999974E9	-1.68781976647865184E1
2.96399999999999952E9	-1.69175377590867693E1
2.96600000000000019E9	-1.69564664430315593E1
2.96799999999999997E9	-1.69949858127516507E1
2.96999999999999975E9	-1.70330981281330951E1
2.97199999999999998E9	-1.70708057982638950E1
2.97399999999999975E9	-1.71081113678499319E1
2.97599999999999998E9	-1.71450175045390485E1
2.97800000000000020E9	-1.71815269870977927E1
2.97999999999999998E9	-1.72176426943860084E1
2.98200000000000021E9	-1.72533675950810084E1
2.98399999999999954E9	-1.72887047381021230E1
2.98600000000000021E9	-1.73236572436932468E1
2.98800000000000043E9	-1.73582282951202194E1
2.98999999999999977E9	-1.73924211309450771E1
2.99199999999999999E9	-1.74262390378396370E1
2.99399999999999977E9	-1.74596853439043365E1
2.99600000000000000E9	-1.74927634124608145E1
2.99800000000000022E9	-1.75254766362858239E1
3.00000000000000000E9	-1.75578284322606004E1
3.00199999999999978E9	-1.75898222364072110E1
3.00400000000000000E9	-1.76214614992873253E1
3.00600000000000023E9	-1.76527496817404783E1
3.00800000000000001E9	-1.76836902509395477E1
3.01000000000000023E9	-1.77142866767424723E1
3.01199999999999957E9	-1.77445424283217035E1
3.01399999999999979E9	-1.77744609710524593E1
3.01600000000000046E9	-1.78040457636438099E1
3.01799999999999979E9	-1.78333002554956965E1
3.02000000000000002E9	-1.78622278842680982E1
3.02199999999999980E9	-1.78908320736473736E1
3.02400000000000002E9	-1.79191162312975183E1
3.02600000000000025E9	-1.79470837469839961E1
3.02800000000000002E9	-1.79747379908581340E1
3.03000000000000025E9	-1.80020823118924622E1
3.03200000000000003E9	-1.80291200364556370E1
3.03399999999999981E9	-1.80558544670187260E1
3.03600000000000048E9	-1.80822888809835480E1
3.03800000000000026E9	-1.81084265296245528E1
3.04000000000000004E9	-1.81342706371373663E1
3.04199999999999982E9	-1.81598243997858755E1
3.04399999999999959E9	-1.81850909851414899E1
3.04600000000000026E9	-1.82100735314085727E1
3.04800000000000004E9	-1.82347751468294783E1
3.04999999999999982E9	-1.82591989091643825E1
3.05200000000000005E9	-1.82833478652396586E1
3.05399999999999983E9	-1.83072250305614537E1
3.05600000000000005E9	-1.83308333889882569E1
3.05800000000000027E9	-1.83541758924594878E1
3.06000000000000005E9	-1.83772554607754590E1
3.06199999999999983E9	-1.84000749814254694E1
3.06399999999999961E9	-1.84226373094596019E1
3.06600000000000028E9	-1.84449452674023928E1
3.06800000000000006E9	-1.84670016452037555E1
3.06999999999999984E9	-1.84888092002257776E1
3.07200000000000006E9	-1.85103706572615723E1
3.07399999999999984E9	-1.85316887085840021E1
3.07600000000000007E9	-1.85527660140228301E1
3.07800000000000029E9	-1.85736052010662744E1
3.08000000000000007E9	-1.85942088649868476E1
3.08199999999999985E9	-1.86145795689882076E1
3.08399999999999963E9	-1.86347198443722561E1
3.08600000000000030E9	-1.86546321907235035E1
3.08800000000000008E9	-1.86743190761108879E1
3.08999999999999986E9	-1.86937829373037934E1
3.09199999999999964E9	-1.87130261800023723E1
3.09399999999999986E9	-1.87320511790798827E1
3.09600000000000009E9	-1.87508602788365408E1
3.09799999999999986E9	-1.87694557932632877E1
3.10000000000000009E9	-1.87878400063148487E1
3.10199999999999987E9	-1.88060151721905133E1
3.10400000000000009E9	-1.88239835156228574E1
3.10600000000000032E9	-1.88417472321721102E1
3.10800000000000010E9	-1.88593084885265161E1
3.11000000000000032E9	-1.88766694228078014E1
3.11199999999999966E9	-1.88938321448802471E1
3.11399999999999988E9	-1.89107987366638186E1
3.11600000000000055E9	-1.89275712524503881E1
3.11799999999999988E9	-1.89441517192217779E1
3.12000000000000011E9	-1.89605421369705551E1
3.12199999999999989E9	-1.89767444790217654E1
3.12399999999999967E9	-1.89927606923559500E1
3.12600000000000033E9	-1.90085926979326603E1
3.12800000000000011E9	-1.90242423910145098E1
3.12999999999999989E9	-1.90397116414909040E1
3.13200000000000012E9	-1.90550022942014086E1
3.13399999999999945E9	-1.90701161692586463E1
3.13600000000000012E9	-1.90850550623702508E1
3.13800000000000034E9	-1.90998207451591329E1
3.13999999999999968E9	-1.91144149654828288E1
3.14199999999999990E9	-1.91288394477512402E1
3.14399999999999968E9	-1.91430958932422079E1
3.14599999999999991E9	-1.91571859804151079E1
3.14800000000000013E9	-1.91711113652227039E1
3.14999999999999991E9	-1.91848736814203802E1
3.15200000000000014E9	-1.91984745408725099E1
3.15399999999999991E9	-1.92119155338571734E1
3.15600000000000014E9	-1.92251982293677548E1
3.15800000000000036E9	-1.92383241754112322E1
3.16000000000000014E9	-1.92512948993045141E1
3.16199999999999992E9	-1.92641119079675471E1
3.16399999999999970E9	-1.92767766882127622E1
3.16600000000000037E9	-1.92892907070325981E1
3.16800000000000015E9	-1.93016554118828476E1
3.16999999999999993E9	-1.93138722309635957E1
3.17199999999999971E9	-1.93259425734963974E1
3.17399999999999993E9	-1.93378678299987561E1
3.17600000000000016E9	-1.93496493725545937E1
3.17799999999999994E9	-1.93612885550823965E1
3.18000000000000016E9	-1.93727867135991683E1
3.18199999999999994E9	-1.93841451664816988E1
3.18399999999999972E9	-1.93953652147238809E1
3.18600000000000039E9	-1.94064481421914481E1
3.18800000000000017E9	-1.94173952158729546E1
3.18999999999999995E9	-1.94282076861272479E1
3.19199999999999973E9	-1.94388867869280446E1
3.19399999999999995E9	-1.94494337361047731E1
3.19600000000000017E9	-1.94598497355807920E1
3.19799999999999995E9	-1.94701359716075428E1
3.20000000000000018E9	-1.94802936149958650E1
3.20199999999999951E9	-1.94903238213439312E1
3.20399999999999974E9	-1.95002277312622074E1
3.20600000000000041E9	-1.95100064705947274E1
3.20799999999999974E9	-1.95196611506377371E1
3.20999999999999996E9	-1.95291928683549409E1
3.21199999999999974E9	-1.95386027065893342E1
3.21399999999999997E9	-1.95478917342724756E1
3.21600000000000019E9	-1.95570610066304407E1
3.21799999999999997E9	-1.95661115653863904E1
3.22000000000000020E9	-1.95750444389610867E1
3.22199999999999998E9	-1.95838606426691397E1
3.22399999999999931E9	-1.95925611789137077E1
3.22600000000000042E9	-1.96011470373769936E1
3.22800000000000020E9	-1.96096191952086585E1
3.22999999999999954E9	-1.96179786172113779E1
3.23200000000000021E9	-1.96262262560231160E1
3.23399999999999954E9	-1.96343630522973345E1
3.23599999999999977E9	-1.96423899348795383E1
3.23800000000000043E9	-1.96503078209819937E1
3.23999999999999977E9	-1.96581176163553906E1
3.24199999999999999E9	-1.96658202154577166E1
3.24399999999999977E9	-1.96734165016210882E1
3.24600000000000000E9	-1.96809073472153484E1
3.24800000000000022E9	-1.96882936138095666E1
3.25000000000000000E9	-1.96955761523309358E1
3.25199999999999978E9	-1.97027558032215078E1
3.25400000000000000E9	-1.97098333965916561E1
3.25600000000000023E9	-1.97168097523723174E1
3.25800000000000001E9	-1.97236856804639649E1
3.26000000000000023E9	-1.97304619808836756E1
3.26199999999999957E9	-1.97371394439100944E1
3.26400000000000023E9	-1.97437188502254246E1
3.26600000000000046E9	-1.97502009710562332E1
3.26799999999999979E9	-1.97565865683110609E1
3.27000000000000046E9	-1.97628763947169306E1
3.27199999999999980E9	-1.97690711939526298E1
3.27399999999999958E9	-1.97751717007808603E1
3.27600000000000069E9	-1.97811786411777102E1
3.27800000000000002E9	-1.97870927324606383E1
3.27999999999999980E9	-1.97929146834139336E1
3.28200000000000003E9	-1.97986451944127184E1
3.28399999999999981E9	-1.98042849575446733E1
3.28600000000000003E9	-1.98098346567298833E1
3.28800000000000026E9	-1.98152949678395096E1
3.29000000000000004E9	-1.98206665588112618E1
3.29200000000000026E9	-1.98259500897645569E1
3.29399999999999959E9	-1.98311462131131289E1
3.29600000000000026E9	-1.98362555736755430E1
3.29800000000000049E9	-1.98412788087851721E1
3.29999999999999982E9	-1.98462165483972508E1
3.30199999999999960E9	-1.98510694151949663E1
3.30399999999999983E9	-1.98558380246939548E1
3.30600000000000005E9	-1.98605229853446086E1
3.30799999999999983E9	-1.98651248986336992E1
3.31000000000000005E9	-1.98696443591834293E1
3.31199999999999983E9	-1.98740819548498537E1
3.31400000000000006E9	-1.98784382668194359E1
3.31600000000000028E9	-1.98827138697038563E1
3.31800000000000006E9	-1.98869093316338441E1
3.32000000000000028E9	-1.98910252143514876E1
3.32200000000000006E9	-1.98950620733006933E1
3.32399999999999940E9	-1.98990204577169072E1
3.32600000000000051E9	-1.99029009107152222E1
3.32800000000000029E9	-1.99067039693767645E1
3.32999999999999963E9	-1.99104301648346471E1
3.33199999999999985E9	-1.99140800223576586E1
3.33399999999999963E9	-1.99176540614334097E1
3.33599999999999985E9	-1.99211527958497747E1
3.33800000000000008E9	-1.99245767337755053E1
3.33999999999999986E9	-1.99279263778393601E1
3.34200000000000008E9	-1.99312022252081400E1
3.34399999999999986E9	-1.99344047676633140E1
3.34600000000000009E9	-1.99375344916773978E1
3.34800000000000031E9	-1.99405918784875924E1
3.35000000000000009E9	-1.99435774041702696E1
3.35199999999999942E9	-1.99464915397126274E1
3.35400000000000009E9	-1.99493347510844354E1
3.35600000000000032E9	-1.99521074993081271E1
3.35799999999999965E9	-1.99548102405282957E1
3.36000000000000032E9	-1.99574434260795708E1
3.36199999999999966E9	-1.99600075025543378E1
3.36399999999999988E9	-1.99625029118685648E1
3.36600000000000055E9	-1.99649300913273042E1
3.36799999999999988E9	-1.99672894736891071E1
3.37000000000000011E9	-1.99695814872293953E1
3.37199999999999989E9	-1.99718065558029312E1
3.37399999999999967E9	-1.99739650989053930E1
3.37600000000000033E9	-1.99760575317341571E1
3.37800000000000011E9	-1.99780842652484703E1
3.37999999999999989E9	-1.99800457062277026E1
3.38200000000000012E9	-1.99819422573302030E1
3.38399999999999945E9	-1.99837743171504134E1
3.38600000000000012E9	-1.99855422802753391E1
3.38800000000000034E9	-1.99872465373400954E1
3.38999999999999968E9	-1.99888874750833567E1
3.39200000000000035E9	-1.99904654764010337E1
3.39399999999999968E9	-1.99919809203999277E1
3.39599999999999991E9	-1.99934341824502693E1
3.39800000000000058E9	-1.99948256342378627E1
3.39999999999999991E9	-1.99961556438150256E1
3.40199999999999969E9	-1.99974245756512592E1
3.40399999999999991E9	-1.99986327906829797E1
3.40600000000000014E9	-1.99997806463627237E1
3.40799999999999992E9	-2.00008684967075068E1
3.41000000000000014E9	-2.00018966923466035E1
3.41199999999999992E9	-2.00028655805688027E1
3.41400000000000015E9	-2.00037755053687549E1
3.41600000000000037E9	-2.00046268074929401E1
3.41800000000000015E9	-2.00054198244848758E1
3.42000000000000037E9	-2.00061548907297393E1
3.42199999999999971E9	-2.00068323374984613E1
3.42399999999999949E9	-2.00074524929911268E1
3.42600000000000060E9	-2.00080156823799005E1
3.42799999999999994E9	-2.00085222278512775E1
3.42999999999999972E9	-2.00089724486479126E1
3.43199999999999994E9	-2.00093666611097287E1
3.43399999999999972E9	-2.00097051787146718E1
3.43599999999999994E9	-2.00099883121187982E1
3.43800000000000017E9	-2.00102163691958568E1
3.43999999999999995E9	-2.00103896550764393E1
3.44200000000000017E9	-2.00105084721865412E1
3.44399999999999995E9	-2.00105731202856907E1
3.44600000000000017E9	-2.00105838965045280E1
3.44800000000000040E9	-2.00105410953819218E1
3.45000000000000018E9	-2.00104450089016916E1
3.45199999999999951E9	-2.00102959265287517E1
3.45399999999999974E9	-2.00100941352448647E1
3.45600000000000041E9	-2.00098399195839427E1
3.45799999999999974E9	-2.00095335616668990E1
3.45999999999999996E9	-2.00091753412360562E1
3.46199999999999974E9	-2.00087655356891680E1
3.46399999999999997E9	-2.00083044201129834E1
3.46600000000000019E9	-2.00077922673163977E1
3.46799999999999997E9	-2.00072293478632224E1
3.47000000000000020E9	-2.00066159301045676E1
3.47199999999999998E9	-2.00059522802107947E1
3.47399999999999931E9	-2.00052386622031175E1
3.47600000000000042E9	-2.00044753379847950E1
3.47800000000000020E9	-2.00036625673719959E1
3.47999999999999954E9	-2.00028006081242626E1
3.48200000000000021E9	-2.00018897159745990E1
3.48399999999999954E9	-2.00009301446592946E1
3.48599999999999977E9	-1.99999221459472953E1
3.48800000000000043E9	-1.99988659696692150E1
3.48999999999999977E9	-1.99977618637463594E1
3.49199999999999999E9	-1.99966100742186303E1
3.49399999999999977E9	-1.99954108452731272E1
3.49600000000000000E9	-1.99941644192715495E1
3.49800000000000022E9	-1.99928710367778772E1
3.50000000000000000E9	-1.99915309365854132E1


