freq	dB(S(1,2))
2.00000000000000000E9	-3.70510000000000028E1
2.00199999999999978E9	-3.70510000000000028E1
2.00400000000000000E9	-3.70510000000000028E1
2.00599999999999978E9	-3.70510000000000028E1
2.00800000000000001E9	-3.70510000000000028E1
2.01000000000000023E9	-3.70510000000000028E1
2.01199999999999957E9	-3.70510000000000028E1
2.01400000000000023E9	-3.70510000000000028E1
2.01600000000000001E9	-3.70510000000000028E1
2.01799999999999979E9	-3.70510000000000028E1
2.02000000000000002E9	-3.70510000000000028E1
2.02199999999999980E9	-3.70510000000000028E1
2.02400000000000002E9	-3.70510000000000028E1
2.02599999999999980E9	-3.70510000000000028E1
2.02800000000000002E9	-3.70510000000000028E1
2.03000000000000025E9	-3.70510000000000028E1
2.03200000000000003E9	-3.70510000000000028E1
2.03399999999999981E9	-3.70510000000000028E1
2.03600000000000003E9	-3.70510000000000028E1
2.03800000000000026E9	-3.70510000000000028E1
2.04000000000000004E9	-3.70510000000000028E1
2.04199999999999982E9	-3.70510000000000028E1
2.04400000000000004E9	-3.70510000000000028E1
2.04600000000000026E9	-3.70510000000000028E1
2.04800000000000004E9	-3.70510000000000028E1
2.04999999999999982E9	-3.70510000000000028E1
2.05200000000000005E9	-3.70510000000000028E1
2.05399999999999983E9	-3.70510000000000028E1
2.05600000000000005E9	-3.70510000000000028E1
2.05800000000000027E9	-3.70510000000000028E1
2.06000000000000005E9	-3.70510000000000028E1
2.06199999999999983E9	-3.70510000000000028E1
2.06400000000000006E9	-3.70510000000000028E1
2.06599999999999984E9	-3.70510000000000028E1
2.06800000000000006E9	-3.70510000000000028E1
2.06999999999999984E9	-3.70510000000000028E1
2.07200000000000006E9	-3.70510000000000028E1
2.07400000000000029E9	-3.70510000000000028E1
2.07599999999999962E9	-3.70510000000000028E1
2.07800000000000029E9	-3.70510000000000028E1
2.08000000000000007E9	-3.70510000000000028E1
2.08199999999999985E9	-3.70510000000000028E1
2.08400000000000007E9	-3.70510000000000028E1
2.08599999999999985E9	-3.70510000000000028E1
2.08800000000000008E9	-3.70510000000000028E1
2.08999999999999986E9	-3.70510000000000028E1
2.09199999999999964E9	-3.70510000000000028E1
2.09400000000000031E9	-3.70510000000000028E1
2.09600000000000009E9	-3.70510000000000028E1
2.09799999999999986E9	-3.70510000000000028E1
2.10000000000000009E9	-3.70510000000000028E1
2.10199999999999987E9	-3.70510000000000028E1
2.10400000000000009E9	-3.70510000000000028E1
2.10599999999999987E9	-3.70510000000000028E1
2.10800000000000010E9	-3.70510000000000028E1
2.11000000000000032E9	-3.70510000000000028E1
2.11199999999999966E9	-3.70510000000000028E1
2.11399999999999988E9	-3.70510000000000028E1
2.11600000000000010E9	-3.70510000000000028E1
2.11799999999999988E9	-3.70510000000000028E1
2.12000000000000011E9	-3.70510000000000028E1
2.12199999999999989E9	-3.70510000000000028E1
2.12400000000000011E9	-3.70510000000000028E1
2.12599999999999989E9	-3.70510000000000028E1
2.12800000000000011E9	-3.70510000000000028E1
2.12999999999999989E9	-3.70510000000000028E1
2.13200000000000012E9	-3.70510000000000028E1
2.13399999999999990E9	-3.70510000000000028E1
2.13600000000000012E9	-3.70510000000000028E1
2.13800000000000034E9	-3.70510000000000028E1
2.13999999999999968E9	-3.70510000000000028E1
2.14199999999999990E9	-3.70510000000000028E1
2.14400000000000013E9	-3.70510000000000028E1
2.14599999999999991E9	-3.70510000000000028E1
2.14800000000000013E9	-3.70510000000000028E1
2.14999999999999991E9	-3.70510000000000028E1
2.15200000000000014E9	-3.70510000000000028E1
2.15399999999999991E9	-3.70510000000000028E1
2.15599999999999969E9	-3.70510000000000028E1
2.15800000000000036E9	-3.70510000000000028E1
2.16000000000000014E9	-3.70510000000000028E1
2.16199999999999992E9	-3.70510000000000028E1
2.16400000000000015E9	-3.70510000000000028E1
2.16599999999999993E9	-3.70510000000000028E1
2.16800000000000015E9	-3.70510000000000028E1
2.16999999999999993E9	-3.70510000000000028E1
2.17199999999999971E9	-3.70510000000000028E1
2.17400000000000038E9	-3.70510000000000028E1
2.17599999999999971E9	-3.70510000000000028E1
2.17799999999999994E9	-3.70510000000000028E1
2.18000000000000016E9	-3.70510000000000028E1
2.18199999999999994E9	-3.70510000000000028E1
2.18400000000000016E9	-3.70510000000000028E1
2.18599999999999994E9	-3.70510000000000028E1
2.18800000000000017E9	-3.70510000000000028E1
2.18999999999999995E9	-3.70510000000000028E1
2.19199999999999973E9	-3.70510000000000028E1
2.19399999999999995E9	-3.70510000000000028E1
2.19600000000000017E9	-3.70510000000000028E1
2.19799999999999995E9	-3.70510000000000028E1
2.20000000000000018E9	-3.70510000000000028E1
2.20199999999999996E9	-3.70510000000000028E1
2.20399999999999974E9	-3.70510000000000028E1
2.20599999999999996E9	-3.70510000000000028E1
2.20800000000000018E9	-3.70510000000000028E1
2.20999999999999996E9	-3.70510000000000028E1
2.21199999999999974E9	-3.70510000000000028E1
2.21399999999999997E9	-3.70510000000000028E1
2.21600000000000019E9	-3.70510000000000028E1
2.21799999999999997E9	-3.70510000000000028E1
2.21999999999999975E9	-3.70510000000000028E1
2.22199999999999998E9	-3.70510000000000028E1
2.22400000000000020E9	-3.70510000000000028E1
2.22599999999999998E9	-3.70510000000000028E1
2.22800000000000020E9	-3.70510000000000028E1
2.22999999999999998E9	-3.70510000000000028E1
2.23200000000000021E9	-3.70510000000000028E1
2.23399999999999999E9	-3.70510000000000028E1
2.23599999999999977E9	-3.70510000000000028E1
2.23800000000000043E9	-3.70510000000000028E1
2.23999999999999977E9	-3.70510000000000028E1
2.24199999999999999E9	-3.70510000000000028E1
2.24400000000000022E9	-3.70510000000000028E1
2.24600000000000000E9	-3.70510000000000028E1
2.24800000000000022E9	-3.70510000000000028E1
2.25000000000000000E9	-3.70510000000000028E1
2.25199999999999978E9	-3.70510000000000028E1
2.25400000000000000E9	-3.70510000000000028E1
2.25599999999999978E9	-3.70510000000000028E1
2.25800000000000001E9	-3.70510000000000028E1
2.26000000000000023E9	-3.70510000000000028E1
2.26199999999999957E9	-3.70510000000000028E1
2.26400000000000023E9	-3.70510000000000028E1
2.26600000000000001E9	-3.70510000000000028E1
2.26799999999999979E9	-3.70510000000000028E1
2.27000000000000002E9	-3.70510000000000028E1
2.27199999999999980E9	-3.70510000000000028E1
2.27400000000000002E9	-3.70510000000000028E1
2.27599999999999980E9	-3.70510000000000028E1
2.27800000000000002E9	-3.70510000000000028E1
2.28000000000000025E9	-3.70510000000000028E1
2.28200000000000003E9	-3.70510000000000028E1
2.28399999999999981E9	-3.70510000000000028E1
2.28600000000000003E9	-3.70510000000000028E1
2.28800000000000026E9	-3.70510000000000028E1
2.29000000000000004E9	-3.70510000000000028E1
2.29199999999999982E9	-3.70510000000000028E1
2.29400000000000004E9	-3.70510000000000028E1
2.29600000000000026E9	-3.70510000000000028E1
2.29800000000000004E9	-3.70510000000000028E1
2.29999999999999982E9	-3.70510000000000028E1
2.30200000000000005E9	-3.70510000000000028E1
2.30399999999999983E9	-3.70510000000000028E1
2.30600000000000005E9	-3.70510000000000028E1
2.30800000000000027E9	-3.70510000000000028E1
2.31000000000000005E9	-3.70510000000000028E1
2.31199999999999983E9	-3.70510000000000028E1
2.31400000000000006E9	-3.70510000000000028E1
2.31599999999999984E9	-3.70510000000000028E1
2.31800000000000006E9	-3.70510000000000028E1
2.31999999999999984E9	-3.70510000000000028E1
2.32200000000000006E9	-3.70510000000000028E1
2.32400000000000029E9	-3.70510000000000028E1
2.32599999999999962E9	-3.70510000000000028E1
2.32800000000000029E9	-3.70510000000000028E1
2.33000000000000007E9	-3.70510000000000028E1
2.33199999999999985E9	-3.70510000000000028E1
2.33400000000000007E9	-3.70510000000000028E1
2.33599999999999985E9	-3.70510000000000028E1
2.33800000000000008E9	-3.70510000000000028E1
2.33999999999999986E9	-3.70510000000000028E1
2.34199999999999964E9	-3.70510000000000028E1
2.34400000000000031E9	-3.70510000000000028E1
2.34600000000000009E9	-3.70510000000000028E1
2.34799999999999986E9	-3.70510000000000028E1
2.35000000000000009E9	-3.70510000000000028E1
2.35199999999999987E9	-3.70510000000000028E1
2.35400000000000009E9	-3.70510000000000028E1
2.35599999999999987E9	-3.70510000000000028E1
2.35800000000000010E9	-3.70510000000000028E1
2.36000000000000032E9	-3.70510000000000028E1
2.36199999999999966E9	-3.70510000000000028E1
2.36399999999999988E9	-3.70510000000000028E1
2.36600000000000010E9	-3.70510000000000028E1
2.36799999999999988E9	-3.70510000000000028E1
2.37000000000000011E9	-3.70510000000000028E1
2.37199999999999989E9	-3.70510000000000028E1
2.37400000000000011E9	-3.70510000000000028E1
2.37599999999999989E9	-3.70510000000000028E1
2.37800000000000011E9	-3.70510000000000028E1
2.37999999999999989E9	-3.70510000000000028E1
2.38200000000000012E9	-3.70510000000000028E1
2.38399999999999990E9	-3.70510000000000028E1
2.38600000000000012E9	-3.70510000000000028E1
2.38800000000000034E9	-3.70510000000000028E1
2.38999999999999968E9	-3.70510000000000028E1
2.39199999999999990E9	-3.70510000000000028E1
2.39400000000000013E9	-3.70510000000000028E1
2.39599999999999991E9	-3.70510000000000028E1
2.39800000000000013E9	-3.70510000000000028E1
2.39999999999999991E9	-3.70510000000000028E1
2.40200000000000014E9	-3.70510000000000028E1
2.40399999999999991E9	-3.70510000000000028E1
2.40599999999999969E9	-3.70510000000000028E1
2.40800000000000036E9	-3.70510000000000028E1
2.41000000000000014E9	-3.70510000000000028E1
2.41199999999999992E9	-3.70510000000000028E1
2.41400000000000015E9	-3.70510000000000028E1
2.41599999999999993E9	-3.70510000000000028E1
2.41800000000000015E9	-3.70510000000000028E1
2.41999999999999993E9	-3.70510000000000028E1
2.42199999999999971E9	-3.70510000000000028E1
2.42400000000000038E9	-3.70510000000000028E1
2.42599999999999971E9	-3.70510000000000028E1
2.42799999999999994E9	-3.70510000000000028E1
2.43000000000000016E9	-3.70510000000000028E1
2.43199999999999994E9	-3.70510000000000028E1
2.43400000000000016E9	-3.70510000000000028E1
2.43599999999999994E9	-3.70510000000000028E1
2.43800000000000017E9	-3.70510000000000028E1
2.43999999999999995E9	-3.70510000000000028E1
2.44199999999999973E9	-3.70510000000000028E1
2.44399999999999995E9	-3.70510000000000028E1
2.44600000000000017E9	-3.70510000000000028E1
2.44799999999999995E9	-3.70510000000000028E1
2.45000000000000018E9	-3.70510000000000028E1
2.45199999999999996E9	-3.70510000000000028E1
2.45399999999999974E9	-3.70510000000000028E1
2.45599999999999996E9	-3.70510000000000028E1
2.45800000000000018E9	-3.70510000000000028E1
2.45999999999999996E9	-3.70510000000000028E1
2.46199999999999974E9	-3.70510000000000028E1
2.46399999999999997E9	-3.70510000000000028E1
2.46600000000000019E9	-3.70510000000000028E1
2.46799999999999997E9	-3.70510000000000028E1
2.46999999999999975E9	-3.70510000000000028E1
2.47199999999999998E9	-3.70510000000000028E1
2.47400000000000020E9	-3.70510000000000028E1
2.47599999999999998E9	-3.70510000000000028E1
2.47800000000000020E9	-3.70510000000000028E1
2.47999999999999998E9	-3.70510000000000028E1
2.48200000000000021E9	-3.70510000000000028E1
2.48399999999999999E9	-3.70510000000000028E1
2.48599999999999977E9	-3.70510000000000028E1
2.48800000000000043E9	-3.70510000000000028E1
2.48999999999999977E9	-3.70510000000000028E1
2.49199999999999999E9	-3.70510000000000028E1
2.49400000000000022E9	-3.70510000000000028E1
2.49600000000000000E9	-3.70510000000000028E1
2.49800000000000022E9	-3.70510000000000028E1
2.50000000000000000E9	-3.70510000000000028E1
2.50199999999999978E9	-3.69679000000000002E1
2.50400000000000000E9	-3.69676999999999989E1
2.50599999999999978E9	-3.68010000000000037E1
2.50800000000000001E9	-3.68455000000000021E1
2.51000000000000023E9	-3.67015566729354958E1
2.51199999999999957E9	-3.65823440853580673E1
2.51400000000000023E9	-3.63733753580648056E1
2.51600000000000001E9	-3.63392436422854370E1
2.51799999999999979E9	-3.61817198635350357E1
2.52000000000000002E9	-3.60729845601423316E1
2.52199999999999980E9	-3.57739536070980169E1
2.52400000000000002E9	-3.57517222990317274E1
2.52599999999999980E9	-3.55656140555513867E1
2.52800000000000002E9	-3.52949029214963783E1
2.53000000000000025E9	-3.51988646676284711E1
2.53200000000000003E9	-3.49829838018970296E1
2.53399999999999981E9	-3.48162796099146021E1
2.53600000000000003E9	-3.45191288285090980E1
2.53800000000000026E9	-3.43994853381615551E1
2.54000000000000004E9	-3.44012905487456155E1
2.54199999999999982E9	-3.43252950042270033E1
2.54400000000000004E9	-3.41975838620053540E1
2.54600000000000026E9	-3.41221772457080741E1
2.54800000000000004E9	-3.41034709068155584E1
2.54999999999999982E9	-3.40551988848428433E1
2.55200000000000005E9	-3.40895859882788610E1
2.55399999999999983E9	-3.39193370055935484E1
2.55600000000000005E9	-3.36922578059786071E1
2.55800000000000027E9	-3.36895217543336312E1
2.56000000000000005E9	-3.34950658023667369E1
2.56199999999999983E9	-3.34315657622846008E1
2.56399999999999961E9	-3.32435777967442680E1
2.56600000000000028E9	-3.31452017007390776E1
2.56800000000000006E9	-3.30312122662056007E1
2.56999999999999984E9	-3.28609518128919120E1
2.57200000000000006E9	-3.27602774722417101E1
2.57399999999999984E9	-3.25419707141934733E1
2.57600000000000007E9	-3.24795523593495128E1
2.57800000000000029E9	-3.22280469410957915E1
2.58000000000000007E9	-3.20333209036397992E1
2.58199999999999985E9	-3.18517701440326073E1
2.58399999999999963E9	-3.16654077405685141E1
2.58600000000000030E9	-3.14840440149729250E1
2.58800000000000008E9	-3.13591193088853704E1
2.58999999999999986E9	-3.11365439620593820E1
2.59199999999999964E9	-3.10185701453384688E1
2.59399999999999986E9	-3.07771022266088945E1
2.59600000000000009E9	-3.06637593264653985E1
2.59799999999999986E9	-3.04711561742085113E1
2.60000000000000009E9	-3.04129070931906353E1
2.60199999999999987E9	-3.01806891105624331E1
2.60400000000000009E9	-3.01436083036556024E1
2.60600000000000032E9	-3.00483081110942862E1
2.60800000000000010E9	-2.99248798598883559E1
2.61000000000000032E9	-2.98625988952001897E1
2.61199999999999966E9	-2.97743057158473512E1
2.61399999999999988E9	-2.95693914340430553E1
2.61600000000000055E9	-2.94791074326131053E1
2.61799999999999988E9	-2.94233713213465675E1
2.62000000000000011E9	-2.92922246841522504E1
2.62199999999999989E9	-2.93092089478956286E1
2.62399999999999967E9	-2.91432354871500543E1
2.62600000000000033E9	-2.90615599984803152E1
2.62800000000000011E9	-2.90163155911620585E1
2.62999999999999989E9	-2.88530870703009912E1
2.63200000000000012E9	-2.87519796429891539E1
2.63399999999999945E9	-2.86211798673414819E1
2.63600000000000012E9	-2.84682557979285766E1
2.63800000000000034E9	-2.83328075782403888E1
2.63999999999999968E9	-2.81981584778343741E1
2.64199999999999990E9	-2.79941174755352717E1
2.64399999999999968E9	-2.78647738835067704E1
2.64599999999999991E9	-2.77468573138597208E1
2.64800000000000013E9	-2.76378492820864707E1
2.64999999999999991E9	-2.74926399644683572E1
2.65200000000000014E9	-2.73728925451029603E1
2.65399999999999991E9	-2.72654199690548760E1
2.65600000000000014E9	-2.71329425119303069E1
2.65800000000000036E9	-2.70432026718534013E1
2.66000000000000014E9	-2.69384909330720657E1
2.66199999999999992E9	-2.68236308291410452E1
2.66399999999999970E9	-2.67124739954161061E1
2.66600000000000037E9	-2.66397374435206524E1
2.66800000000000015E9	-2.65700102408063454E1
2.66999999999999993E9	-2.64288338025291258E1
2.67199999999999971E9	-2.63236205865388939E1
2.67399999999999993E9	-2.61905390302247065E1
2.67600000000000016E9	-2.61195326673968120E1
2.67799999999999994E9	-2.60283884060475135E1
2.68000000000000016E9	-2.59504859550507661E1
2.68199999999999994E9	-2.58316119396343735E1
2.68399999999999972E9	-2.57411895827908577E1
2.68600000000000039E9	-2.56112261973637523E1
2.68800000000000017E9	-2.55218682617359560E1
2.68999999999999995E9	-2.53087310007330979E1
2.69199999999999973E9	-2.52283995487660606E1
2.69399999999999995E9	-2.50660297859749637E1
2.69600000000000017E9	-2.48939113819373903E1
2.69799999999999995E9	-2.47434552205799374E1
2.70000000000000018E9	-2.46230599701597308E1
2.70199999999999996E9	-2.44404198935201267E1
2.70399999999999974E9	-2.42865376397689969E1
2.70600000000000041E9	-2.40722567092617723E1
2.70800000000000018E9	-2.39707086619388532E1
2.70999999999999996E9	-2.37892446821741377E1
2.71199999999999974E9	-2.36421816305303389E1
2.71399999999999952E9	-2.34499119984194904E1
2.71600000000000019E9	-2.32588955351147320E1
2.71799999999999997E9	-2.30978220087897812E1
2.71999999999999975E9	-2.28994905967539264E1
2.72199999999999998E9	-2.27206931197429540E1
2.72399999999999975E9	-2.25394847389729946E1
2.72599999999999998E9	-2.23539686927169967E1
2.72800000000000020E9	-2.21877669620492712E1
2.72999999999999998E9	-2.20251586213441453E1
2.73200000000000021E9	-2.18783220983081472E1
2.73399999999999954E9	-2.16828593273579084E1
2.73600000000000021E9	-2.15432568511652800E1
2.73800000000000043E9	-2.13701497008057384E1
2.73999999999999977E9	-2.11693486229338301E1
2.74199999999999999E9	-2.10010497518904016E1
2.74399999999999977E9	-2.08195054876431662E1
2.74600000000000000E9	-2.05989127178531950E1
2.74800000000000022E9	-2.04231049616068550E1
2.75000000000000000E9	-2.02407573565155330E1
2.75199999999999978E9	-2.00181875401772524E1
2.75400000000000000E9	-1.98155292000399186E1
2.75600000000000023E9	-1.96223182870410962E1
2.75800000000000001E9	-1.94444982262164556E1
2.76000000000000023E9	-1.92317468969448102E1
2.76199999999999957E9	-1.90750770551379500E1
2.76399999999999979E9	-1.88805215270708371E1
2.76600000000000046E9	-1.87191530113747073E1
2.76799999999999979E9	-1.85217595377491984E1
2.77000000000000002E9	-1.83705672816769616E1
2.77199999999999980E9	-1.82038039739870561E1
2.77400000000000002E9	-1.80486201969704974E1
2.77600000000000025E9	-1.78720370523938432E1
2.77800000000000002E9	-1.77309922708348600E1
2.78000000000000025E9	-1.75827040098643961E1
2.78200000000000003E9	-1.74334919772546826E1
2.78399999999999981E9	-1.72760411723106277E1
2.78600000000000048E9	-1.71167395163938840E1
2.78800000000000026E9	-1.69601215692529950E1
2.79000000000000004E9	-1.68292290886326090E1
2.79199999999999982E9	-1.66657526302288472E1
2.79399999999999959E9	-1.65151190526965275E1
2.79600000000000026E9	-1.63804789067682033E1
2.79800000000000004E9	-1.62486924475434935E1
2.79999999999999982E9	-1.61209070210062855E1
2.80200000000000005E9	-1.60096523262444212E1
2.80399999999999983E9	-1.59287423702239783E1
2.80600000000000005E9	-1.58327191471403816E1
2.80800000000000027E9	-1.57386057739612317E1
2.81000000000000005E9	-1.56569600708301904E1
2.81199999999999983E9	-1.55701238717387880E1
2.81399999999999961E9	-1.55157324837772159E1
2.81600000000000028E9	-1.54375157140511776E1
2.81800000000000006E9	-1.53902999999999990E1
2.81999999999999984E9	-1.53483837602546669E1
2.82200000000000006E9	-1.53181627968340806E1
2.82399999999999984E9	-1.52497782826010342E1
2.82600000000000007E9	-1.52148346966048154E1
2.82800000000000029E9	-1.51607639994989585E1
2.83000000000000007E9	-1.50962313667260850E1
2.83199999999999985E9	-1.50464471090483354E1
2.83399999999999963E9	-1.50259423113982415E1
2.83600000000000030E9	-1.50283791731986494E1
2.83800000000000008E9	-1.50182597994098876E1
2.83999999999999986E9	-1.50148929880600557E1
2.84199999999999964E9	-1.50451915034134109E1
2.84399999999999986E9	-1.50559259843696092E1
2.84600000000000009E9	-1.51048991372112695E1
2.84799999999999986E9	-1.51301193669879863E1
2.85000000000000009E9	-1.51947024601572478E1
2.85199999999999987E9	-1.52360138131474687E1
2.85400000000000009E9	-1.52874292239220910E1
2.85600000000000032E9	-1.53176879616695505E1
2.85800000000000010E9	-1.53467382461996249E1
2.86000000000000032E9	-1.53758037985902019E1
2.86199999999999966E9	-1.54118118555620076E1
2.86399999999999988E9	-1.54239669960380299E1
2.86600000000000055E9	-1.54284955065202123E1
2.86799999999999988E9	-1.54718946937047241E1
2.87000000000000011E9	-1.55064135723997443E1
2.87199999999999989E9	-1.55333539608045568E1
2.87399999999999967E9	-1.55991512057375425E1
2.87600000000000033E9	-1.56486632968875861E1
2.87800000000000011E9	-1.56952153728433985E1
2.87999999999999989E9	-1.57484828247714259E1
2.88200000000000012E9	-1.58085208661449172E1
2.88399999999999945E9	-1.58946929733928788E1
2.88600000000000012E9	-1.59482739011289110E1
2.88800000000000034E9	-1.59986057239413904E1
2.88999999999999968E9	-1.60457934643209588E1
2.89199999999999990E9	-1.60787191808299967E1
2.89399999999999968E9	-1.61055950118742475E1
2.89599999999999991E9	-1.61334177714792704E1
2.89800000000000013E9	-1.61364544175355862E1
2.89999999999999991E9	-1.61550397325226847E1
2.90200000000000014E9	-1.61569597325407477E1
2.90399999999999991E9	-1.61702789300546401E1
2.90600000000000014E9	-1.61929782357445684E1
2.90800000000000036E9	-1.62134968911525834E1
2.91000000000000014E9	-1.62266745860148509E1
2.91199999999999992E9	-1.62539449385619084E1
2.91399999999999970E9	-1.62944393129151299E1
2.91600000000000037E9	-1.63156339258186422E1
2.91800000000000015E9	-1.63373836769064762E1
2.91999999999999993E9	-1.63774133705449687E1
2.92199999999999971E9	-1.64095898436990062E1
2.92399999999999993E9	-1.64439935444170215E1
2.92600000000000016E9	-1.64818937407126365E1
2.92799999999999994E9	-1.65289659258207355E1
2.93000000000000016E9	-1.65421485574189719E1
2.93199999999999994E9	-1.65427389752516341E1
2.93399999999999972E9	-1.65841985815423376E1
2.93600000000000039E9	-1.65915399858161416E1
2.93800000000000017E9	-1.66181739232161041E1
2.93999999999999995E9	-1.66440635552036231E1
2.94199999999999973E9	-1.66498784361468344E1
2.94399999999999995E9	-1.66874959636888853E1
2.94600000000000017E9	-1.66776361635259773E1
2.94799999999999995E9	-1.66926478455347183E1
2.95000000000000018E9	-1.66987996292909169E1
2.95199999999999996E9	-1.67015915130882742E1
2.95399999999999974E9	-1.67020076133474271E1
2.95600000000000041E9	-1.67051295674609479E1
2.95800000000000018E9	-1.67124048673410774E1
2.95999999999999996E9	-1.67066813581287121E1
2.96199999999999974E9	-1.67166952169660687E1
2.96399999999999952E9	-1.67398763628476988E1
2.96600000000000019E9	-1.67439985701386362E1
2.96799999999999997E9	-1.67795102377444705E1
2.96999999999999975E9	-1.67964834323183898E1
2.97199999999999998E9	-1.68330330617967294E1
2.97399999999999975E9	-1.68565741653016588E1
2.97599999999999998E9	-1.68425083289802524E1
2.97800000000000020E9	-1.68556107304503255E1
2.97999999999999998E9	-1.68553584158881220E1
2.98200000000000021E9	-1.68401214197562377E1
2.98399999999999954E9	-1.68599590804283617E1
2.98600000000000021E9	-1.68680519028710441E1
2.98800000000000043E9	-1.68834584158881240E1
2.98999999999999977E9	-1.68901322939654008E1
2.99199999999999999E9	-1.68806499480479255E1
2.99399999999999977E9	-1.69269982586701428E1
2.99600000000000000E9	-1.69571991244420461E1
2.99800000000000022E9	-1.69791992539624514E1
3.00000000000000000E9	-1.70365222652481618E1
3.00199999999999978E9	-1.70713499756789444E1
3.00400000000000000E9	-1.71088446394390958E1
3.00600000000000023E9	-1.71322464527242357E1
3.00800000000000001E9	-1.71688967619901200E1
3.01000000000000023E9	-1.71781599255457640E1
3.01199999999999957E9	-1.71912759757178124E1
3.01399999999999979E9	-1.72302519028710455E1
3.01600000000000046E9	-1.71996789619161250E1
3.01799999999999979E9	-1.72194199978181284E1
3.02000000000000002E9	-1.72397252863194295E1
3.02199999999999980E9	-1.72770898963230413E1
3.02400000000000002E9	-1.72703006803099823E1
3.02600000000000025E9	-1.72814359534471285E1
3.02800000000000002E9	-1.72907148132570265E1
3.03000000000000025E9	-1.72922016394408162E1
3.03200000000000003E9	-1.72992929994778843E1
3.03399999999999981E9	-1.73112317477679523E1
3.03600000000000048E9	-1.73218078055161451E1
3.03800000000000026E9	-1.73121192993614592E1
3.04000000000000004E9	-1.73166184755966812E1
3.04199999999999982E9	-1.73250184755966741E1
3.04399999999999959E9	-1.73146293290777242E1
3.04600000000000026E9	-1.73497253192076606E1
3.04800000000000004E9	-1.73493284302116324E1
3.04999999999999982E9	-1.73486822490369663E1
3.05200000000000005E9	-1.73599480439417486E1
3.05399999999999983E9	-1.73659158161732963E1
3.05600000000000005E9	-1.73641682772937456E1
3.05800000000000027E9	-1.73735719795750332E1
3.06000000000000005E9	-1.73878184362980615E1
3.06199999999999983E9	-1.74130306622162800E1
3.06399999999999961E9	-1.74399020172476393E1
3.06600000000000028E9	-1.74765838161793918E1
3.06800000000000006E9	-1.75075110925101685E1
3.06999999999999984E9	-1.75329381255070649E1
3.07200000000000006E9	-1.75341558564042854E1
3.07399999999999984E9	-1.75392158739408410E1
3.07600000000000007E9	-1.75536539763013755E1
3.07800000000000029E9	-1.75324318783391186E1
3.08000000000000007E9	-1.75073359478508306E1
3.08199999999999985E9	-1.74963765279474903E1
3.08399999999999963E9	-1.74817764098255291E1
3.08600000000000030E9	-1.74516539763013756E1
3.08800000000000008E9	-1.74196192123800708E1
3.08999999999999986E9	-1.74069661700067191E1
3.09199999999999964E9	-1.73856761002080407E1
3.09399999999999986E9	-1.73559191595146878E1
3.09600000000000009E9	-1.73395396406726410E1
3.09799999999999986E9	-1.73405794516358869E1
3.10000000000000009E9	-1.73325987641623902E1
3.10199999999999987E9	-1.73217596406445073E1
3.10400000000000009E9	-1.73182780761542143E1
3.10600000000000032E9	-1.73128349607033494E1
3.10800000000000010E9	-1.72957589057482086E1
3.11000000000000032E9	-1.72927921431411846E1
3.11199999999999966E9	-1.72878401140851201E1
3.11399999999999988E9	-1.72461691881100299E1
3.11600000000000055E9	-1.72150016662159322E1
3.11799999999999988E9	-1.71950257158990061E1
3.12000000000000011E9	-1.71768589072470590E1
3.12199999999999989E9	-1.71710662436428452E1
3.12399999999999967E9	-1.71811174953779267E1
3.12600000000000033E9	-1.71778960556496507E1
3.12800000000000011E9	-1.71668415279245723E1
3.12999999999999989E9	-1.71925054266449839E1
3.13200000000000012E9	-1.71918790094200213E1
3.13399999999999945E9	-1.72131276944387746E1
3.13600000000000012E9	-1.72435076274666388E1
3.13800000000000034E9	-1.72468076274666382E1
3.13999999999999968E9	-1.72805563885383795E1
3.14199999999999990E9	-1.72911228015236706E1
3.14399999999999968E9	-1.73528096535922538E1
3.14599999999999991E9	-1.73531401704428911E1
3.14800000000000013E9	-1.73357198449679473E1
3.14999999999999991E9	-1.73598570851640099E1
3.15200000000000014E9	-1.73617204372438261E1
3.15399999999999991E9	-1.73401021958702062E1
3.15600000000000014E9	-1.73435796892515848E1
3.15800000000000036E9	-1.73244019988374309E1
3.16000000000000014E9	-1.73023272845789533E1
3.16199999999999992E9	-1.72943191733610879E1
3.16399999999999970E9	-1.72532539533667295E1
3.16600000000000037E9	-1.72333961733100471E1
3.16800000000000015E9	-1.72017813116880225E1
3.16999999999999993E9	-1.71554654629049641E1
3.17199999999999971E9	-1.71316234207404472E1
3.17399999999999993E9	-1.70823596211153950E1
3.17600000000000016E9	-1.70794782826010350E1
3.17799999999999994E9	-1.70576798465483104E1
3.18000000000000016E9	-1.70569816140819341E1
3.18199999999999994E9	-1.70219167940369998E1
3.18399999999999972E9	-1.70045478094888480E1
3.18600000000000039E9	-1.69751834291617354E1
3.18800000000000017E9	-1.69523757118597551E1
3.18999999999999995E9	-1.69119891732703342E1
3.19199999999999973E9	-1.68558899940765339E1
3.19399999999999995E9	-1.68080965882557298E1
3.19600000000000017E9	-1.67818489091655287E1
3.19799999999999995E9	-1.67269798433407724E1
3.20000000000000018E9	-1.66896799763058890E1
3.20199999999999951E9	-1.66530537136784096E1
3.20399999999999974E9	-1.66070350658502552E1
3.20600000000000041E9	-1.65892899989120357E1
3.20799999999999974E9	-1.65420599414932878E1
3.20999999999999996E9	-1.65256028236364649E1
3.21199999999999974E9	-1.65022625184366523E1
3.21399999999999997E9	-1.64732397649803053E1
3.21600000000000019E9	-1.64520587203187540E1
3.21799999999999997E9	-1.64217638324341353E1
3.22000000000000020E9	-1.64156319027020325E1
3.22199999999999998E9	-1.63509679958222298E1
3.22399999999999931E9	-1.62845375594453978E1
3.22600000000000042E9	-1.62671910809038289E1
3.22800000000000020E9	-1.62004868314848172E1
3.22999999999999954E9	-1.61688033840902112E1
3.23200000000000021E9	-1.60828106813241267E1
3.23399999999999954E9	-1.60419997230886402E1
3.23599999999999977E9	-1.59723557817557893E1
3.23800000000000043E9	-1.59128253473067027E1
3.23999999999999977E9	-1.58654314878077751E1
3.24199999999999999E9	-1.58256392982455618E1
3.24399999999999977E9	-1.57716916273825847E1
3.24600000000000000E9	-1.57422464216545066E1
3.24800000000000022E9	-1.56993080499004600E1
3.25000000000000000E9	-1.56435725462863129E1
3.25199999999999978E9	-1.56002131057200422E1
3.25400000000000000E9	-1.55621386110843818E1
3.25600000000000023E9	-1.55234425127719455E1
3.25800000000000001E9	-1.55013108571811475E1
3.26000000000000023E9	-1.54522839914950194E1
3.26199999999999957E9	-1.54319186085934379E1
3.26400000000000023E9	-1.54167190522144937E1
3.26600000000000046E9	-1.54060592412616448E1
3.26799999999999979E9	-1.53930708863064591E1
3.27000000000000046E9	-1.53835939680941514E1
3.27199999999999980E9	-1.53776499382652565E1
3.27399999999999958E9	-1.53779228475521568E1
3.27600000000000069E9	-1.53559756677424697E1
3.27800000000000002E9	-1.53478377304150682E1
3.27999999999999980E9	-1.53386173517856950E1
3.28200000000000003E9	-1.53272375019695040E1
3.28399999999999981E9	-1.53126698790025007E1
3.28600000000000003E9	-1.53080512671720359E1
3.28800000000000026E9	-1.53248365533727648E1
3.29000000000000004E9	-1.53205662164501799E1
3.29200000000000026E9	-1.53202999792760197E1
3.29399999999999959E9	-1.53258789059940992E1
3.29600000000000026E9	-1.53372195614260254E1
3.29800000000000049E9	-1.53116757841108542E1
3.29999999999999982E9	-1.53148957446277656E1
3.30199999999999960E9	-1.53153599991710765E1
3.30399999999999983E9	-1.53126572741337341E1
3.30600000000000005E9	-1.52959746475735359E1
3.30799999999999983E9	-1.52726759787672539E1
3.31000000000000005E9	-1.52837480064008990E1
3.31199999999999983E9	-1.52599928365745297E1
3.31400000000000006E9	-1.52513090630149861E1
3.31600000000000028E9	-1.52447701882282516E1
3.31800000000000006E9	-1.52079519833473586E1
3.32000000000000028E9	-1.52141044716648222E1
3.32200000000000006E9	-1.52053710812490728E1
3.32399999999999940E9	-1.52005974380177000E1
3.32600000000000051E9	-1.51992284520191689E1
3.32800000000000029E9	-1.51919177790326998E1
3.32999999999999963E9	-1.51972443677954461E1
3.33199999999999985E9	-1.51479756830524148E1
3.33399999999999963E9	-1.51270956315900573E1
3.33599999999999985E9	-1.50987884879915835E1
3.33800000000000008E9	-1.50758319590704715E1
3.33999999999999986E9	-1.50538269406016756E1
3.34200000000000008E9	-1.50282519393399516E1
3.34399999999999986E9	-1.50028279950486243E1
3.34600000000000009E9	-1.50076937893504869E1
3.34800000000000031E9	-1.49963036702897834E1
3.35000000000000009E9	-1.49568206967333839E1
3.35199999999999942E9	-1.49533216523215207E1
3.35400000000000009E9	-1.49158519290225255E1
3.35600000000000032E9	-1.48935572645041447E1
3.35799999999999965E9	-1.48730292356596649E1
3.36000000000000032E9	-1.48426263993847418E1
3.36199999999999966E9	-1.48417159975048762E1
3.36399999999999988E9	-1.48526105020563737E1
3.36600000000000055E9	-1.48396890831129036E1
3.36799999999999988E9	-1.47887936506878570E1
3.37000000000000011E9	-1.47775019277941255E1
3.37199999999999989E9	-1.46994155911620661E1
3.37399999999999967E9	-1.46257118419132892E1
3.37600000000000033E9	-1.45817998480072220E1
3.37800000000000011E9	-1.45188745949255971E1
3.37999999999999989E9	-1.44517426693770701E1
3.38200000000000012E9	-1.43585192646981641E1
3.38399999999999945E9	-1.43337412403842279E1
3.38600000000000012E9	-1.42635557662877255E1
3.38800000000000034E9	-1.42280423841490866E1
3.38999999999999968E9	-1.41819114964099402E1
3.39200000000000035E9	-1.41336596343473020E1
3.39399999999999968E9	-1.40982334268598919E1
3.39599999999999991E9	-1.40631569132375933E1
3.39800000000000058E9	-1.40026578426006254E1
3.39999999999999991E9	-1.39486772094904143E1
3.40199999999999969E9	-1.39023295123917867E1
3.40399999999999991E9	-1.38486790969286355E1
3.40600000000000014E9	-1.37928999533683583E1
3.40799999999999992E9	-1.37496782829471842E1
3.41000000000000014E9	-1.36943115814212435E1
3.41199999999999992E9	-1.36141439979239420E1
3.41400000000000015E9	-1.35774387749061320E1
3.41600000000000037E9	-1.35329837742763659E1
3.41800000000000015E9	-1.35046544208683228E1
3.42000000000000037E9	-1.34586958318089778E1
3.42199999999999971E9	-1.34407340063487046E1
3.42399999999999949E9	-1.34356898344570008E1
3.42600000000000060E9	-1.34080429551531743E1
3.42799999999999994E9	-1.33935639252534933E1
3.42999999999999972E9	-1.33620234335328480E1
3.43199999999999994E9	-1.33370936686967556E1
3.43399999999999972E9	-1.32935199707772345E1
3.43599999999999994E9	-1.32522926874322033E1
3.43800000000000017E9	-1.32183498173299552E1
3.43999999999999995E9	-1.31831768639634439E1
3.44200000000000017E9	-1.31497434843432526E1
3.44399999999999995E9	-1.31327176944230839E1
3.44600000000000017E9	-1.31233498174224672E1
3.44800000000000040E9	-1.31208396070099864E1
3.45000000000000018E9	-1.31111750908064084E1
3.45199999999999951E9	-1.30919919402176022E1
3.45399999999999974E9	-1.30986518326372359E1
3.45600000000000041E9	-1.30825354414817174E1
3.45799999999999974E9	-1.30661719928384956E1
3.45999999999999996E9	-1.30646439663739433E1
3.46199999999999974E9	-1.30478948700730091E1
3.46399999999999997E9	-1.30247079999115822E1
3.46600000000000019E9	-1.30157271760563531E1
3.46799999999999997E9	-1.29821828398635519E1
3.47000000000000020E9	-1.29380294047369948E1
3.47199999999999998E9	-1.28894859791416527E1
3.47399999999999931E9	-1.28594297942710867E1
3.47600000000000042E9	-1.28235233603438847E1
3.47800000000000020E9	-1.27722757037208900E1
3.47999999999999954E9	-1.27324958825710088E1
3.48200000000000021E9	-1.26942499929489827E1
3.48399999999999954E9	-1.26696338003230791E1
3.48599999999999977E9	-1.26395898755604641E1
3.48800000000000043E9	-1.26119058938034390E1
3.48999999999999977E9	-1.25890607099293450E1
3.49199999999999999E9	-1.25801000000000029E1
3.49399999999999977E9	-1.25528999999999979E1
3.49600000000000000E9	-1.25495000000000001E1
3.49800000000000022E9	-1.25383000000000000E1
3.50000000000000000E9	-1.25334999999999996E1


freq	dB(S(3,4))
2.00000000000000000E9	-3.09588430712231366E1
2.00199999999999978E9	-3.09636059936732799E1
2.00400000000000000E9	-3.09684462323456833E1
2.00599999999999978E9	-3.09733642840736856E1
2.00800000000000001E9	-3.09783606510032827E1
2.01000000000000023E9	-3.09834358406516586E1
2.01199999999999957E9	-3.09885903659661199E1
2.01400000000000023E9	-3.09938247453837334E1
2.01600000000000001E9	-3.09991395028912109E1
2.01799999999999979E9	-3.10045351680851677E1
2.02000000000000002E9	-3.10100122762331321E1
2.02199999999999980E9	-3.10155713683347223E1
2.02400000000000002E9	-3.10212129911832735E1
2.02599999999999980E9	-3.10269376974279609E1
2.02800000000000002E9	-3.10327460456362392E1
2.03000000000000025E9	-3.10386386003568049E1
2.03200000000000003E9	-3.10446159321825643E1
2.03399999999999981E9	-3.10506786178144312E1
2.03600000000000003E9	-3.10568272401250045E1
2.03800000000000026E9	-3.10630623882229218E1
2.04000000000000004E9	-3.10693846575172294E1
2.04199999999999982E9	-3.10757946497820914E1
2.04400000000000004E9	-3.10822929732218833E1
2.04600000000000026E9	-3.10888802425362876E1
2.04800000000000004E9	-3.10955570789857205E1
2.04999999999999982E9	-3.11023241104569070E1
2.05200000000000005E9	-3.11091819715283968E1
2.05399999999999983E9	-3.11161313035366005E1
2.05600000000000005E9	-3.11231727546414083E1
2.05800000000000027E9	-3.11303069798922261E1
2.06000000000000005E9	-3.11375346412936116E1
2.06199999999999983E9	-3.11448564078713552E1
2.06400000000000006E9	-3.11522729557379963E1
2.06599999999999984E9	-3.11597849681584371E1
2.06800000000000006E9	-3.11673931356152956E1
2.06999999999999984E9	-3.11750981558741946E1
2.07200000000000006E9	-3.11829007340484043E1
2.07400000000000029E9	-3.11908015826634433E1
2.07599999999999962E9	-3.11988014217211296E1
2.07800000000000029E9	-3.12069009787631746E1
2.08000000000000007E9	-3.12151009889341680E1
2.08199999999999985E9	-3.12234021950441853E1
2.08400000000000007E9	-3.12318053476302371E1
2.08599999999999985E9	-3.12403112050174725E1
2.08800000000000008E9	-3.12489205333791986E1
2.08999999999999986E9	-3.12576341067958996E1
2.09199999999999964E9	-3.12664527073135101E1
2.09400000000000031E9	-3.12753771250002144E1
2.09600000000000009E9	-3.12844081580022948E1
2.09799999999999986E9	-3.12935466125982797E1
2.10000000000000009E9	-3.13027933032520611E1
2.10199999999999987E9	-3.13121490526639290E1
2.10400000000000009E9	-3.13216146918201810E1
2.10599999999999987E9	-3.13311910600407995E1
2.10800000000000010E9	-3.13408790050252017E1
2.11000000000000032E9	-3.13506793828955521E1
2.11199999999999966E9	-3.13605930582380754E1
2.11399999999999988E9	-3.13706209041416750E1
2.11600000000000010E9	-3.13807638022340862E1
2.11799999999999988E9	-3.13910226427148942E1
2.12000000000000011E9	-3.14013983243857409E1
2.12199999999999989E9	-3.14118917546772414E1
2.12400000000000011E9	-3.14225038496723919E1
2.12599999999999989E9	-3.14332355341262826E1
2.12800000000000011E9	-3.14440877414817876E1
2.12999999999999989E9	-3.14550614138814177E1
2.13200000000000012E9	-3.14661575021742346E1
2.13399999999999990E9	-3.14773769659184222E1
2.13600000000000012E9	-3.14887207733786889E1
2.13800000000000034E9	-3.15001899015182607E1
2.13999999999999968E9	-3.15117853359854294E1
2.14199999999999990E9	-3.15235080710939508E1
2.14400000000000013E9	-3.15353591097970432E1
2.14599999999999991E9	-3.15473394636549553E1
2.14800000000000013E9	-3.15594501527950033E1
2.14999999999999991E9	-3.15716922058643901E1
2.15200000000000014E9	-3.15840666599748987E1
2.15399999999999991E9	-3.15965745606392145E1
2.15599999999999969E9	-3.16092169616983343E1
2.15800000000000036E9	-3.16219949252394583E1
2.16000000000000014E9	-3.16349095215040199E1
2.16199999999999992E9	-3.16479618287852027E1
2.16400000000000015E9	-3.16611529333143604E1
2.16599999999999993E9	-3.16744839291355396E1
2.16800000000000015E9	-3.16879559179679227E1
2.16999999999999993E9	-3.17015700090549135E1
2.17199999999999971E9	-3.17153273189997309E1
2.17400000000000038E9	-3.17292289715861209E1
2.17599999999999971E9	-3.17432760975842010E1
2.17799999999999994E9	-3.17574698345397088E1
2.18000000000000016E9	-3.17718113265464375E1
2.18199999999999994E9	-3.17863017240006984E1
2.18400000000000016E9	-3.18009421833368533E1
2.18599999999999994E9	-3.18157338667428302E1
2.18800000000000017E9	-3.18306779418548080E1
2.18999999999999995E9	-3.18457755814294652E1
2.19199999999999973E9	-3.18610279629933402E1
2.19399999999999995E9	-3.18764362684671898E1
2.19600000000000017E9	-3.18920016837649145E1
2.19799999999999995E9	-3.19077253983648967E1
2.20000000000000018E9	-3.19236086048530643E1
2.20199999999999996E9	-3.19396524984353425E1
2.20399999999999974E9	-3.19558582764187271E1
2.20599999999999996E9	-3.19722271376587530E1
2.20800000000000018E9	-3.19887602819719241E1
2.20999999999999996E9	-3.20054589095109154E1
2.21199999999999974E9	-3.20223242201009928E1
2.21399999999999997E9	-3.20393574125354608E1
2.21600000000000019E9	-3.20565596838279143E1
2.21799999999999997E9	-3.20739322284192152E1
2.21999999999999975E9	-3.20914762373366491E1
2.22199999999999998E9	-3.21091928973031093E1
2.22400000000000020E9	-3.21270833897932429E1
2.22599999999999998E9	-3.21451488900342763E1
2.22800000000000020E9	-3.21633905659483421E1
2.22999999999999998E9	-3.21818095770336887E1
2.23200000000000021E9	-3.22004070731808678E1
2.23399999999999999E9	-3.22191841934215395E1
2.23599999999999977E9	-3.22381420646056682E1
2.23800000000000043E9	-3.22572818000038231E1
2.23999999999999977E9	-3.22766044978304611E1
2.24199999999999999E9	-3.22961112396846195E1
2.24400000000000022E9	-3.23158030889032588E1
2.24600000000000000E9	-3.23356810888230717E1
2.24800000000000022E9	-3.23557462609462387E1
2.25000000000000000E9	-3.23759996030050123E1
2.25199999999999978E9	-3.23964420869198388E1
2.25400000000000000E9	-3.24170746566463475E1
2.25599999999999978E9	-3.24378982259045978E1
2.25800000000000001E9	-3.24589136757853058E1
2.26000000000000023E9	-3.24801218522270707E1
2.26199999999999957E9	-3.25015235633569954E1
2.26400000000000023E9	-3.25231195766891545E1
2.26600000000000001E9	-3.25449106161732482E1
2.26799999999999979E9	-3.25668973590854183E1
2.27000000000000002E9	-3.25890804327545425E1
2.27199999999999980E9	-3.26114604111146900E1
2.27400000000000002E9	-3.26340378110761531E1
2.27599999999999980E9	-3.26568130887048147E1
2.27800000000000002E9	-3.26797866352022037E1
2.28000000000000025E9	-3.27029587726744975E1
2.28200000000000003E9	-3.27263297496819083E1
2.28399999999999981E9	-3.27498997365565581E1
2.28600000000000003E9	-3.27736688204782434E1
2.28800000000000026E9	-3.27976370002962980E1
2.29000000000000004E9	-3.28218041810853212E1
2.29199999999999982E9	-3.28461701684222485E1
2.29400000000000004E9	-3.28707346623712038E1
2.29600000000000026E9	-3.28954972511628796E1
2.29800000000000004E9	-3.29204574045537246E1
2.29999999999999982E9	-3.29456144668503148E1
2.30200000000000005E9	-3.29709676495832715E1
2.30399999999999983E9	-3.29965160238150101E1
2.30600000000000005E9	-3.30222585120643553E1
2.30800000000000027E9	-3.30481938798312447E1
2.31000000000000005E9	-3.30743207267033901E1
2.31199999999999983E9	-3.31006374770267353E1
2.31400000000000006E9	-3.31271423701208434E1
2.31599999999999984E9	-3.31538334500195697E1
2.31800000000000006E9	-3.31807085547172864E1
2.31999999999999984E9	-3.32077653048997457E1
2.32200000000000006E9	-3.32350010921387540E1
2.32400000000000029E9	-3.32624130665293638E1
2.32599999999999962E9	-3.32899981237471554E1
2.32800000000000029E9	-3.33177528915041998E1
2.33000000000000007E9	-3.33456737153800642E1
2.33199999999999985E9	-3.33737566440062761E1
2.33400000000000007E9	-3.34019974135803199E1
2.33599999999999985E9	-3.34303914316872319E1
2.33800000000000008E9	-3.34589337604051584E1
2.33999999999999986E9	-3.34876190986727451E1
2.34199999999999964E9	-3.35164417638963252E1
2.34400000000000031E9	-3.35453956727746583E1
2.34600000000000009E9	-3.35744743213210928E1
2.34799999999999986E9	-3.36036707640629206E1
2.35000000000000009E9	-3.36329775923991869E1
2.35199999999999987E9	-3.36623869121000308E1
2.35400000000000009E9	-3.36918903199323827E1
2.35599999999999987E9	-3.37214788793985942E1
2.35800000000000010E9	-3.37511430955780067E1
2.36000000000000032E9	-3.37808728890630183E1
2.36199999999999966E9	-3.38106575689870237E1
2.36399999999999988E9	-3.38404858051425084E1
2.36600000000000010E9	-3.38703455991949998E1
2.36799999999999988E9	-3.39002242550021515E1
2.37000000000000011E9	-3.39301083480529897E1
2.37199999999999989E9	-3.39599836940499733E1
2.37400000000000011E9	-3.39898353166627754E1
2.37599999999999989E9	-3.40196474144913541E1
2.37800000000000011E9	-3.40494033272849794E1
2.37999999999999989E9	-3.40790855014736715E1
2.38200000000000012E9	-3.41086754550794202E1
2.38399999999999990E9	-3.41381537420876802E1
2.38600000000000012E9	-3.41674999163707005E1
2.38800000000000034E9	-3.41966924952713125E1
2.38999999999999968E9	-3.42257089229689360E1
2.39199999999999990E9	-3.42545255337682786E1
2.39400000000000013E9	-3.42831175154680912E1
2.39599999999999991E9	-3.43114588729867176E1
2.39800000000000013E9	-3.43395223924432225E1
2.39999999999999991E9	-3.43672796059121888E1
2.40200000000000014E9	-3.43947007570960839E1
2.40399999999999991E9	-3.44217547681808744E1
2.40599999999999969E9	-3.44484092081670834E1
2.40800000000000036E9	-3.44746302629937063E1
2.41000000000000014E9	-3.45003827077994751E1
2.41199999999999992E9	-3.45256298816924367E1
2.41400000000000015E9	-3.45503336654263782E1
2.41599999999999993E9	-3.45744544624093786E1
2.41800000000000015E9	-3.45979511834965248E1
2.41999999999999993E9	-3.46207812360430278E1
2.42199999999999971E9	-3.46429005177198723E1
2.42400000000000038E9	-3.46642634156136031E1
2.42599999999999971E9	-3.46848228111521717E1
2.42799999999999994E9	-3.47045300914140276E1
2.43000000000000016E9	-3.47233351673886981E1
2.43199999999999994E9	-3.47411864997631259E1
2.43400000000000016E9	-3.47580311328090286E1
2.43599999999999994E9	-3.47738147369392170E1
2.43800000000000017E9	-3.47884816604877134E1
2.43999999999999995E9	-3.48019749912435739E1
2.44199999999999973E9	-3.48142366282392146E1
2.44399999999999995E9	-3.48252073642476123E1
2.44600000000000017E9	-3.48348269793913889E1
2.44799999999999995E9	-3.48430343462004455E1
2.45000000000000018E9	-3.48497675463759560E1
2.45199999999999996E9	-3.48549639994288984E1
2.45399999999999974E9	-3.48585606032570627E1
2.45599999999999996E9	-3.48604938866095049E1
2.45800000000000018E9	-3.48607001732579525E1
2.45999999999999996E9	-3.48591157575561805E1
2.46199999999999974E9	-3.48556770909194702E1
2.46399999999999997E9	-3.48503209785963985E1
2.46600000000000019E9	-3.48429847859424635E1
2.46799999999999997E9	-3.48336066532350674E1
2.46999999999999975E9	-3.48221257178999366E1
2.47199999999999998E9	-3.48084823428489987E1
2.47400000000000020E9	-3.47926183494680785E1
2.47599999999999998E9	-3.47744772536359381E1
2.47800000000000020E9	-3.47540045030153300E1
2.47999999999999998E9	-3.47311477137296531E1
2.48200000000000021E9	-3.47058569044342002E1
2.48399999999999999E9	-3.46780847257081470E1
2.48599999999999977E9	-3.46477866826408576E1
2.48800000000000043E9	-3.46149213484594620E1
2.48999999999999977E9	-3.45794505670568375E1
2.49199999999999999E9	-3.45413396423190866E1
2.49400000000000022E9	-3.45005575122327546E1
2.49600000000000000E9	-3.44570769058651649E1
2.49800000000000022E9	-3.44108744814600831E1
2.50000000000000000E9	-3.43619309440746079E1
2.50199999999999978E9	-3.43102311413929906E1
2.50400000000000000E9	-3.42557641365957277E1
2.50599999999999978E9	-3.41985232574204634E1
2.50800000000000001E9	-3.41385061208339824E1
2.51000000000000023E9	-3.40757146330235372E1
2.51199999999999957E9	-3.40101549647137968E1
2.51400000000000023E9	-3.39418375021131791E1
2.51600000000000001E9	-3.38707767740843346E1
2.51799999999999979E9	-3.37969913564117652E1
2.52000000000000002E9	-3.37205037543022357E1
2.52199999999999980E9	-3.36413402644906423E1
2.52400000000000002E9	-3.35595308185373309E1
2.52599999999999980E9	-3.34751088090830340E1
2.52800000000000002E9	-3.33881109009763843E1
2.53000000000000025E9	-3.32985768293021334E1
2.53200000000000003E9	-3.32065491864161677E1
2.53399999999999981E9	-3.31120732001358098E1
2.53600000000000003E9	-3.30151965052419749E1
2.53800000000000026E9	-3.29159689104247466E1
2.54000000000000004E9	-3.28144421627499705E1
2.54199999999999982E9	-3.27106697116405432E1
2.54400000000000004E9	-3.26047064742623594E1
2.54600000000000026E9	-3.24966086040763980E1
2.54800000000000004E9	-3.23864332641778407E1
2.54999999999999982E9	-3.22742384068867683E1
2.55200000000000005E9	-3.21600825608923113E1
2.55399999999999983E9	-3.20440246270838092E1
2.55600000000000005E9	-3.19261236840314977E1
2.55800000000000027E9	-3.18064388039123447E1
2.56000000000000005E9	-3.16850288795118518E1
2.56199999999999983E9	-3.15619524627744141E1
2.56399999999999961E9	-3.14372676152283503E1
2.56600000000000028E9	-3.13110317704705698E1
2.56800000000000006E9	-3.11833016087702042E1
2.56999999999999984E9	-3.10541329437350999E1
2.57200000000000006E9	-3.09235806208824204E1
2.57399999999999984E9	-3.07916984278646177E1
2.57600000000000007E9	-3.06585390160259763E1
2.57800000000000029E9	-3.05241538328988682E1
2.58000000000000007E9	-3.03885930651971625E1
2.58199999999999985E9	-3.02519055918218882E1
2.58399999999999963E9	-3.01141389463629139E1
2.58600000000000030E9	-2.99753392885590486E1
2.58800000000000008E9	-2.98355513841654396E1
2.58999999999999986E9	-2.96948185926718589E1
2.59199999999999964E9	-2.95531828623173354E1
2.59399999999999986E9	-2.94106847318533182E1
2.59600000000000009E9	-2.92673633385200826E1
2.59799999999999986E9	-2.91232564317188070E1
2.60000000000000009E9	-2.89784003918803901E1
2.60199999999999987E9	-2.88328302540558434E1
2.60400000000000009E9	-2.86865797357786567E1
2.60600000000000032E9	-2.85396812687749968E1
2.60800000000000010E9	-2.83921660341265625E1
2.61000000000000032E9	-2.82440640005183186E1
2.61199999999999966E9	-2.80954039652324505E1
2.61399999999999988E9	-2.79462135975780201E1
2.61600000000000055E9	-2.77965194844741736E1
2.61799999999999988E9	-2.76463471779312941E1
2.62000000000000011E9	-2.74957212442025689E1
2.62199999999999989E9	-2.73446653144026008E1
2.62399999999999967E9	-2.71932021364145893E1
2.62600000000000033E9	-2.70413536279318434E1
2.62800000000000011E9	-2.68891409305000639E1
2.62999999999999989E9	-2.67365844644486650E1
2.63200000000000012E9	-2.65837039846184675E1
2.63399999999999945E9	-2.64305186368112333E1
2.63600000000000012E9	-2.62770470149036806E1
2.63800000000000034E9	-2.61233072185837090E1
2.63999999999999968E9	-2.59693169116808820E1
2.64199999999999990E9	-2.58150933810767036E1
2.64399999999999968E9	-2.56606535961909277E1
2.64599999999999991E9	-2.55060142690511693E1
2.64800000000000013E9	-2.53511919149621878E1
2.64999999999999991E9	-2.51962029137992438E1
2.65200000000000014E9	-2.50410635719556129E1
2.65399999999999991E9	-2.48857901849815111E1
2.65600000000000014E9	-2.47303991009543100E1
2.65800000000000036E9	-2.45749067846232228E1
2.66000000000000014E9	-2.44193298823741189E1
2.66199999999999992E9	-2.42636852880584586E1
2.66399999999999970E9	-2.41079902097310894E1
2.66600000000000037E9	-2.39522622373376315E1
2.66800000000000015E9	-2.37965194113881484E1
2.66999999999999993E9	-2.36407802926481692E1
2.67199999999999971E9	-2.34850640328699756E1
2.67399999999999993E9	-2.33293904465775181E1
2.67600000000000016E9	-2.31737800839067942E1
2.67799999999999994E9	-2.30182543044894228E1
2.68000000000000016E9	-2.28628353523507855E1
2.68199999999999994E9	-2.27075464317760201E1
2.68399999999999972E9	-2.25524117840750682E1
2.68600000000000039E9	-2.23974567651536871E1
2.68800000000000017E9	-2.22427079237710723E1
2.68999999999999995E9	-2.20881930803327542E1
2.69199999999999973E9	-2.19339414060349336E1
2.69399999999999995E9	-2.17799835021380606E1
2.69600000000000017E9	-2.16263514791071154E1
2.69799999999999995E9	-2.14730790353109002E1
2.70000000000000018E9	-2.13202015349243723E1
2.70199999999999996E9	-2.11677560846251689E1
2.70399999999999974E9	-2.10157816086202009E1
2.70600000000000041E9	-2.08643189214776426E1
2.70800000000000018E9	-2.07134107981767723E1
2.70999999999999996E9	-2.05631020407222342E1
2.71199999999999974E9	-2.04134395406003000E1
2.71399999999999952E9	-2.02644723362836876E1
2.71600000000000019E9	-2.01162516649205347E1
2.71799999999999997E9	-1.99688310072697139E1
2.71999999999999975E9	-1.98222661248752385E1
2.72199999999999998E9	-1.96766150884020274E1
2.72399999999999975E9	-1.95319382959918153E1
2.72599999999999998E9	-1.93882984804389480E1
2.72800000000000020E9	-1.92457607039343914E1
2.72999999999999998E9	-1.91043923390861115E1
2.73200000000000021E9	-1.89642630348968555E1
2.73399999999999954E9	-1.88254446663679387E1
2.73600000000000021E9	-1.86880112664043674E1
2.73800000000000043E9	-1.85520389387256546E1
2.73999999999999977E9	-1.84176057505397428E1
2.74199999999999999E9	-1.82847916038190417E1
2.74399999999999977E9	-1.81536780841279777E1
2.74600000000000000E9	-1.80243482860988036E1
2.74800000000000022E9	-1.78968866148311534E1
2.75000000000000000E9	-1.77713785627093412E1
2.75199999999999978E9	-1.76479104613863091E1
2.75400000000000000E9	-1.75265692089762437E1
2.75600000000000023E9	-1.74074419728278640E1
2.75800000000000001E9	-1.72906158686141009E1
2.76000000000000023E9	-1.71761776168661728E1
2.76199999999999957E9	-1.70642131785019524E1
2.76399999999999979E9	-1.69548073713331116E1
2.76600000000000046E9	-1.68480434699832005E1
2.76799999999999979E9	-1.67440027920979762E1
2.77000000000000002E9	-1.66427642741625847E1
2.77199999999999980E9	-1.65444040406566906E1
2.77400000000000002E9	-1.64489949706557637E1
2.77600000000000025E9	-1.63566062663161849E1
2.77800000000000002E9	-1.62673030279498532E1
2.78000000000000025E9	-1.61811458405895681E1
2.78200000000000003E9	-1.60981903770542156E1
2.78399999999999981E9	-1.60184870225405862E1
2.78600000000000048E9	-1.59420805256821141E1
2.78800000000000026E9	-1.58690096808259717E1
2.79000000000000004E9	-1.57993070459845986E1
2.79199999999999982E9	-1.57329987005173755E1
2.79399999999999959E9	-1.56701040461041652E1
2.79600000000000026E9	-1.56106356539871460E1
2.79800000000000004E9	-1.55545991607991185E1
2.79999999999999982E9	-1.55019932145782091E1
2.80200000000000005E9	-1.54528094718100295E1
2.80399999999999983E9	-1.54070326455551787E1
2.80600000000000005E9	-1.53646406039388306E1
2.80800000000000027E9	-1.53256045175148992E1
2.81000000000000005E9	-1.52898890532902532E1
2.81199999999999983E9	-1.52574526125288079E1
2.81399999999999961E9	-1.52282476088580454E1
2.81600000000000028E9	-1.52022207826918709E1
2.81800000000000006E9	-1.51793135475700791E1
2.81999999999999984E9	-1.51594623637049764E1
2.82200000000000006E9	-1.51425991338194921E1
2.82399999999999984E9	-1.51286516162625850E1
2.82600000000000007E9	-1.51175438503882398E1
2.82800000000000029E9	-1.51091965892827118E1
2.83000000000000007E9	-1.51035277351060371E1
2.83199999999999985E9	-1.51004527725734805E1
2.83399999999999963E9	-1.50998851964234038E1
2.83600000000000030E9	-1.51017369290912051E1
2.83800000000000008E9	-1.51059187252170091E1
2.83999999999999986E9	-1.51123405600509941E1
2.84199999999999964E9	-1.51209119992650876E1
2.84399999999999986E9	-1.51315425481289623E1
2.84600000000000009E9	-1.51441419784471409E1
2.84799999999999986E9	-1.51586206320766448E1
2.85000000000000009E9	-1.51748897002420269E1
2.85199999999999987E9	-1.51928614782345073E1
2.85400000000000009E9	-1.52124495954155425E1
2.85600000000000032E9	-1.52335692207452045E1
2.85800000000000010E9	-1.52561372443155618E1
2.86000000000000032E9	-1.52800724355941719E1
2.86199999999999966E9	-1.53052955792672862E1
2.86399999999999988E9	-1.53317295897246697E1
2.86600000000000055E9	-1.53592996053429109E1
2.86799999999999988E9	-1.53879330638120249E1
2.87000000000000011E9	-1.54175597598055525E1
2.87199999999999989E9	-1.54481118863290279E1
2.87399999999999967E9	-1.54795240610897777E1
2.87600000000000033E9	-1.55117333392235168E1
2.87800000000000011E9	-1.55446792136882572E1
2.87999999999999989E9	-1.55783036045964840E1
2.88200000000000012E9	-1.56125508387093714E1
2.88399999999999945E9	-1.56473676202579104E1
2.88600000000000012E9	-1.56827029941936935E1
2.88800000000000034E9	-1.57185083029030426E1
2.88999999999999968E9	-1.57547371373495104E1
2.89199999999999990E9	-1.57913452835364732E1
2.89399999999999968E9	-1.58282906651124167E1
2.89599999999999991E9	-1.58655332828685114E1
2.89800000000000013E9	-1.59030351518117086E1
2.89999999999999991E9	-1.59407602364296808E1
2.90200000000000014E9	-1.59786743847011703E1
2.90399999999999991E9	-1.60167452613445360E1
2.90600000000000014E9	-1.60549422807432363E1
2.90800000000000036E9	-1.60932365399320854E1
2.91000000000000014E9	-1.61316007519814741E1
2.91199999999999992E9	-1.61700091800702483E1
2.91399999999999970E9	-1.62084375724980201E1
2.91600000000000037E9	-1.62468630988482721E1
2.91800000000000015E9	-1.62852642874820530E1
2.91999999999999993E9	-1.63236209645080232E1
2.92199999999999971E9	-1.63619141943491253E1
2.92399999999999993E9	-1.64001262220008170E1
2.92600000000000016E9	-1.64382404170517016E1
2.92799999999999994E9	-1.64762412195219499E1
2.93000000000000016E9	-1.65141140875521986E1
2.93199999999999994E9	-1.65518454469652876E1
2.93399999999999972E9	-1.65894226427068636E1
2.93600000000000039E9	-1.66268338921612302E1
2.93800000000000017E9	-1.66640682403275653E1
2.93999999999999995E9	-1.67011155168346659E1
2.94199999999999973E9	-1.67379662947646723E1
2.94399999999999995E9	-1.67746118512497988E1
2.94600000000000017E9	-1.68110441298026814E1
2.94799999999999995E9	-1.68472557043352045E1
2.95000000000000018E9	-1.68832397448198601E1
2.95199999999999996E9	-1.69189899845427538E1
2.95399999999999974E9	-1.69545006888982352E1
2.95600000000000041E9	-1.69897666256713009E1
2.95800000000000018E9	-1.70247830367561259E1
2.95999999999999996E9	-1.70595456112557597E1
2.96199999999999974E9	-1.70940504599108745E1
2.96399999999999952E9	-1.71282940908039238E1
2.96600000000000019E9	-1.71622733862860177E1
2.96799999999999997E9	-1.71959855810760720E1
2.96999999999999975E9	-1.72294282414804600E1
2.97199999999999998E9	-1.72625992456846911E1
2.97399999999999975E9	-1.72954967650685876E1
2.97599999999999998E9	-1.73281192464985567E1
2.97800000000000020E9	-1.73604653955513055E1
2.97999999999999998E9	-1.73925341606255879E1
2.98200000000000021E9	-1.74243247178992888E1
2.98399999999999954E9	-1.74558364570917313E1
2.98600000000000021E9	-1.74870689679913549E1
2.98800000000000043E9	-1.75180220277113241E1
2.98999999999999977E9	-1.75486955886370444E1
2.99199999999999999E9	-1.75790897670311419E1
2.99399999999999977E9	-1.76092048322618622E1
2.99600000000000000E9	-1.76390411966245608E1
2.99800000000000022E9	-1.76685994057247386E1
3.00000000000000000E9	-1.76978801293941812E1
3.00199999999999978E9	-1.77268841531131605E1
3.00400000000000000E9	-1.77556123699109780E1
3.00600000000000023E9	-1.77840657727217244E1
3.00800000000000001E9	-1.78122454471695169E1
3.01000000000000023E9	-1.78401525647617554E1
3.01199999999999957E9	-1.78677883764687140E1
3.01399999999999979E9	-1.78951542066680669E1
3.01600000000000046E9	-1.79222514474360528E1
3.01799999999999979E9	-1.79490815531657644E1
3.02000000000000002E9	-1.79756460354959802E1
3.02199999999999980E9	-1.80019464585326849E1
3.02400000000000002E9	-1.80279844343487605E1
3.02600000000000025E9	-1.80537616187456673E1
3.02800000000000002E9	-1.80792797072636868E1
3.03000000000000025E9	-1.81045404314269343E1
3.03200000000000003E9	-1.81295455552103890E1
3.03399999999999981E9	-1.81542968717171194E1
3.03600000000000048E9	-1.81787962000532244E1
3.03800000000000026E9	-1.82030453823915961E1
3.04000000000000004E9	-1.82270462812117762E1
3.04199999999999982E9	-1.82508007767081404E1
3.04399999999999959E9	-1.82743107643563296E1
3.04600000000000026E9	-1.82975781526293058E1
3.04800000000000004E9	-1.83206048608544947E1
3.04999999999999982E9	-1.83433928172051641E1
3.05200000000000005E9	-1.83659439568171834E1
3.05399999999999983E9	-1.83882602200258494E1
3.05600000000000005E9	-1.84103435507142565E1
3.05800000000000027E9	-1.84321958947690456E1
3.06000000000000005E9	-1.84538191986355504E1
3.06199999999999983E9	-1.84752154079684483E1
3.06399999999999961E9	-1.84963864663716704E1
3.06600000000000028E9	-1.85173343142223290E1
3.06800000000000006E9	-1.85380608875752406E1
3.06999999999999984E9	-1.85585681171417183E1
3.07200000000000006E9	-1.85788579273401955E1
3.07399999999999984E9	-1.85989322354134190E1
3.07600000000000007E9	-1.86187929506085759E1
3.07800000000000029E9	-1.86384419734180140E1
3.08000000000000007E9	-1.86578811948747392E1
3.08199999999999985E9	-1.86771124959023149E1
3.08399999999999963E9	-1.86961377467138945E1
3.08600000000000030E9	-1.87149588062586814E1
3.08800000000000008E9	-1.87335775217127387E1
3.08999999999999986E9	-1.87519957280116922E1
3.09199999999999964E9	-1.87702152474228190E1
3.09399999999999986E9	-1.87882378891541069E1
3.09600000000000009E9	-1.88060654489988299E1
3.09799999999999986E9	-1.88236997090123670E1
3.10000000000000009E9	-1.88411424372202729E1
3.10199999999999987E9	-1.88583953873561194E1
3.10400000000000009E9	-1.88754602986255149E1
3.10600000000000032E9	-1.88923388954970051E1
3.10800000000000010E9	-1.89090328875168501E1
3.11000000000000032E9	-1.89255439691466454E1
3.11199999999999966E9	-1.89418738196220993E1
3.11399999999999988E9	-1.89580241028323071E1
3.11600000000000055E9	-1.89739964672179218E1
3.11799999999999988E9	-1.89897925456863281E1
3.12000000000000011E9	-1.90054139555445767E1
3.12199999999999989E9	-1.90208622984469078E1
3.12399999999999967E9	-1.90361391603572505E1
3.12600000000000033E9	-1.90512461115255038E1
3.12800000000000011E9	-1.90661847064765166E1
3.12999999999999989E9	-1.90809564840106516E1
3.13200000000000012E9	-1.90955629672162175E1
3.13399999999999945E9	-1.91100056634917648E1
3.13600000000000012E9	-1.91242860645783241E1
3.13800000000000034E9	-1.91384056466006669E1
3.13999999999999968E9	-1.91523658701171628E1
3.14199999999999990E9	-1.91661681801774586E1
3.14399999999999968E9	-1.91798140063869171E1
3.14599999999999991E9	-1.91933047629789511E1
3.14800000000000013E9	-1.92066418488926471E1
3.14999999999999991E9	-1.92198266478565039E1
3.15200000000000014E9	-1.92328605284778753E1
3.15399999999999991E9	-1.92457448443369650E1
3.15600000000000014E9	-1.92584809340855290E1
3.15800000000000036E9	-1.92710701215497093E1
3.16000000000000014E9	-1.92835137158370240E1
3.16199999999999992E9	-1.92958130114465876E1
3.16399999999999970E9	-1.93079692883823606E1
3.16600000000000037E9	-1.93199838122700518E1
3.16800000000000015E9	-1.93318578344757741E1
3.16999999999999993E9	-1.93435925922276430E1
3.17199999999999971E9	-1.93551893087394400E1
3.17399999999999993E9	-1.93666491933359741E1
3.17600000000000016E9	-1.93779734415805605E1
3.17799999999999994E9	-1.93891632354035393E1
3.18000000000000016E9	-1.94002197432322765E1
3.18199999999999994E9	-1.94111441201223722E1
3.18399999999999972E9	-1.94219375078897150E1
3.18600000000000039E9	-1.94326010352434264E1
3.18800000000000017E9	-1.94431358179193792E1
3.18999999999999995E9	-1.94535429588142206E1
3.19199999999999973E9	-1.94638235481198629E1
3.19399999999999995E9	-1.94739786634579382E1
3.19600000000000017E9	-1.94840093700151984E1
3.19799999999999995E9	-1.94939167206775865E1
3.20000000000000018E9	-1.95037017561656145E1
3.20199999999999951E9	-1.95133655051689070E1
3.20399999999999974E9	-1.95229089844802561E1
3.20600000000000041E9	-1.95323331991302096E1
3.20799999999999974E9	-1.95416391425202529E1
3.20999999999999996E9	-1.95508277965562138E1
3.21199999999999974E9	-1.95599001317807231E1
3.21399999999999997E9	-1.95688571075055573E1
3.21600000000000019E9	-1.95776996719428387E1
3.21799999999999997E9	-1.95864287623353728E1
3.22000000000000020E9	-1.95950453050872087E1
3.22199999999999998E9	-1.96035502158920094E1
3.22399999999999931E9	-1.96119443998619625E1
3.22600000000000042E9	-1.96202287516545626E1
3.22800000000000020E9	-1.96284041555993904E1
3.22999999999999954E9	-1.96364714858235057E1
3.23200000000000021E9	-1.96444316063758073E1
3.23399999999999954E9	-1.96522853713507684E1
3.23599999999999977E9	-1.96600336250107932E1
3.23800000000000043E9	-1.96676772019074586E1
3.23999999999999977E9	-1.96752169270020194E1
3.24199999999999999E9	-1.96826536157845089E1
3.24399999999999977E9	-1.96899880743922151E1
3.24600000000000000E9	-1.96972210997262276E1
3.24800000000000022E9	-1.97043534795674047E1
3.25000000000000000E9	-1.97113859926914081E1
3.25199999999999978E9	-1.97183194089821190E1
3.25400000000000000E9	-1.97251544895437614E1
3.25600000000000023E9	-1.97318919868127951E1
3.25800000000000001E9	-1.97385326446672194E1
3.26000000000000023E9	-1.97450771985363760E1
3.26199999999999957E9	-1.97515263755078996E1
3.26400000000000023E9	-1.97578808944346607E1
3.26600000000000046E9	-1.97641414660402215E1
3.26799999999999979E9	-1.97703087930228394E1
3.27000000000000046E9	-1.97763835701585267E1
3.27199999999999980E9	-1.97823664844030778E1
3.27399999999999958E9	-1.97882582149928443E1
3.27600000000000069E9	-1.97940594335437448E1
3.27800000000000002E9	-1.97997708041502274E1
3.27999999999999980E9	-1.98053929834822684E1
3.28200000000000003E9	-1.98109266208812218E1
3.28399999999999981E9	-1.98163723584551876E1
3.28600000000000003E9	-1.98217308311723484E1
3.28800000000000026E9	-1.98270026669538657E1
3.29000000000000004E9	-1.98321884867654896E1
3.29200000000000026E9	-1.98372889047075818E1
3.29399999999999959E9	-1.98423045281049393E1
3.29600000000000026E9	-1.98472359575946489E1
3.29800000000000049E9	-1.98520837872131684E1
3.29999999999999982E9	-1.98568486044827219E1
3.30199999999999960E9	-1.98615309904959192E1
3.30399999999999983E9	-1.98661315199996902E1
3.30600000000000005E9	-1.98706507614784189E1
3.30799999999999983E9	-1.98750892772352872E1
3.31000000000000005E9	-1.98794476234734985E1
3.31199999999999983E9	-1.98837263503759165E1
3.31400000000000006E9	-1.98879260021833781E1
3.31600000000000028E9	-1.98920471172732904E1
3.31800000000000006E9	-1.98960902282353613E1
3.32000000000000028E9	-1.99000558619482026E1
3.32200000000000006E9	-1.99039445396536574E1
3.32399999999999940E9	-1.99077567770308184E1
3.32600000000000051E9	-1.99114930842690119E1
3.32800000000000029E9	-1.99151539661393295E1
3.32999999999999963E9	-1.99187399220662797E1
3.33199999999999985E9	-1.99222514461972300E1
3.33399999999999963E9	-1.99256890274722065E1
3.33599999999999985E9	-1.99290531496918955E1
3.33800000000000008E9	-1.99323442915850113E1
3.33999999999999986E9	-1.99355629268750834E1
3.34200000000000008E9	-1.99387095243459322E1
3.34399999999999986E9	-1.99417845479068623E1
3.34600000000000009E9	-1.99447884566561950E1
3.34800000000000031E9	-1.99477217049446232E1
3.35000000000000009E9	-1.99505847424379712E1
3.35199999999999942E9	-1.99533780141779715E1
3.35400000000000009E9	-1.99561019606437817E1
3.35600000000000032E9	-1.99587570178115037E1
3.35799999999999965E9	-1.99613436172134517E1
3.36000000000000032E9	-1.99638621859967325E1
3.36199999999999966E9	-1.99663131469805721E1
3.36399999999999988E9	-1.99686969187137331E1
3.36600000000000055E9	-1.99710139155302357E1
3.36799999999999988E9	-1.99732645476052073E1
3.37000000000000011E9	-1.99754492210092360E1
3.37199999999999989E9	-1.99775683377627944E1
3.37399999999999967E9	-1.99796222958892966E1
3.37600000000000033E9	-1.99816114894678987E1
3.37800000000000011E9	-1.99835363086855500E1
3.37999999999999989E9	-1.99853971398879482E1
3.38200000000000012E9	-1.99871943656308670E1
3.38399999999999945E9	-1.99889283647294214E1
3.38600000000000012E9	-1.99905995123078428E1
3.38800000000000034E9	-1.99922081798482765E1
3.38999999999999968E9	-1.99937547352386735E1
3.39200000000000035E9	-1.99952395428203600E1
3.39399999999999968E9	-1.99966629634350168E1
3.39599999999999991E9	-1.99980253544710562E1
3.39800000000000058E9	-1.99993270699091852E1
3.39999999999999991E9	-2.00005684603673783E1
3.40199999999999969E9	-2.00017498731459753E1
3.40399999999999991E9	-2.00028716522712280E1
3.40600000000000014E9	-2.00039341385389813E1
3.40799999999999992E9	-2.00049376695575010E1
3.41000000000000014E9	-2.00058825797899065E1
3.41199999999999992E9	-2.00067692005959907E1
3.41400000000000015E9	-2.00075978602735738E1
3.41600000000000037E9	-2.00083688840992791E1
3.41800000000000015E9	-2.00090825943688877E1
3.42000000000000037E9	-2.00097393104371424E1
3.42199999999999971E9	-2.00103393487570402E1
3.42399999999999949E9	-2.00108830229186996E1
3.42600000000000060E9	-2.00113706436877337E1
3.42799999999999994E9	-2.00118025190430959E1
3.42999999999999972E9	-2.00121789542145834E1
3.43199999999999994E9	-2.00125002517197403E1
3.43399999999999972E9	-2.00127667114004248E1
3.43599999999999994E9	-2.00129786304589130E1
3.43800000000000017E9	-2.00131363034935061E1
3.43999999999999995E9	-2.00132400225338047E1
3.44200000000000017E9	-2.00132900770754629E1
3.44399999999999995E9	-2.00132867541146142E1
3.44600000000000017E9	-2.00132303381818533E1
3.44800000000000040E9	-2.00131211113757868E1
3.45000000000000018E9	-2.00129593533962202E1
3.45199999999999951E9	-2.00127453415769807E1
3.45399999999999974E9	-2.00124793509182375E1
3.45600000000000041E9	-2.00121616541186853E1
3.45799999999999974E9	-2.00117925216070081E1
3.45999999999999996E9	-2.00113722215733336E1
3.46199999999999974E9	-2.00109010200000537E1
3.46399999999999997E9	-2.00103791806924347E1
3.46600000000000019E9	-2.00098069653088562E1
3.46799999999999997E9	-2.00091846333906487E1
3.47000000000000020E9	-2.00085124423916616E1
3.47199999999999998E9	-2.00077906477074574E1
3.47399999999999931E9	-2.00070195027041864E1
3.47600000000000042E9	-2.00061992587471282E1
3.47800000000000020E9	-2.00053301652289406E1
3.47999999999999954E9	-2.00044124695975567E1
3.48200000000000021E9	-2.00034464173838522E1
3.48399999999999954E9	-2.00024322522288456E1
3.48599999999999977E9	-2.00013702159108364E1
3.48800000000000043E9	-2.00002605483719842E1
3.48999999999999977E9	-1.99991034877448426E1
3.49199999999999999E9	-1.99978992703784786E1
3.49399999999999977E9	-1.99966481308642452E1
3.49600000000000000E9	-1.99953503020614454E1
3.49800000000000022E9	-1.99940060151225873E1
3.50000000000000000E9	-1.99926154995185823E1


